#Step Temp KinEng PotEng Press 
       0           79    117.50651    -15.76389   0.91636962 
     100    78.999999    117.50651   -15.763889   0.91634304 
     200    78.999997    117.50651   -15.763886   0.91631659 
     300    78.999994     117.5065    -15.76388   0.91629027 
     400    78.999988     117.5065   -15.763873   0.91626406 
     500    78.999982    117.50649   -15.763863   0.91623799 
     600    78.999974    117.50647   -15.763851   0.91621203 
     700    78.999964    117.50646   -15.763836    0.9161862 
     800    78.999953    117.50644    -15.76382   0.91616049 
     900     78.99994    117.50642   -15.763801   0.91613491 
    1000    78.999926     117.5064   -15.763779   0.91610945 
    1100     78.99991    117.50638   -15.763756   0.91608412 
    1200    78.999893    117.50635    -15.76373   0.91605891 
    1300    78.999874    117.50633   -15.763702   0.91603382 
    1400    78.999854     117.5063   -15.763672   0.91600886 
    1500    78.999832    117.50626    -15.76364   0.91598402 
    1600    78.999809    117.50623   -15.763605    0.9159593 
    1700    78.999784    117.50619   -15.763568   0.91593471 
    1800    78.999757    117.50615   -15.763529   0.91591025 
    1900     78.99973    117.50611   -15.763488   0.91588591 
    2000      78.9997    117.50607   -15.763444   0.91586169 
    2100    78.999669    117.50602   -15.763398   0.91583759 
    2200    78.999637    117.50597    -15.76335   0.91581362 
    2300    78.999603    117.50592     -15.7633   0.91578978 
    2400    78.999568    117.50587   -15.763247   0.91576606 
    2500    78.999531    117.50582   -15.763192   0.91574246 
    2600    78.999493    117.50576   -15.763135   0.91571898 
    2700    78.999453     117.5057   -15.763076   0.91569563 
    2800    78.999411    117.50564   -15.763014   0.91567241 
    2900    78.999368    117.50557    -15.76295   0.91564931 
    3000    78.999324    117.50551   -15.762884   0.91562633 
    3100    78.999278    117.50544   -15.762816   0.91560348 
    3200     78.99923    117.50537   -15.762745   0.91558075 
    3300    78.999181     117.5053   -15.762673   0.91555814 
    3400    78.999131    117.50522   -15.762598   0.91553566 
    3500    78.999079    117.50514    -15.76252    0.9155133 
    3600    78.999026    117.50506   -15.762441   0.91549107 
    3700    78.998971    117.50498   -15.762359   0.91546896 
    3800    78.998914     117.5049   -15.762275   0.91544698 
    3900    78.998856    117.50481   -15.762188   0.91542512 
    4000    78.998796    117.50472     -15.7621   0.91540338 
    4100    78.998735    117.50463   -15.762009   0.91538177 
    4200    78.998673    117.50454   -15.761916   0.91536028 
    4300    78.998609    117.50444   -15.761821   0.91533892 
    4400    78.998543    117.50435   -15.761723   0.91531768 
    4500    78.998476    117.50425   -15.761624   0.91529656 
    4600    78.998408    117.50414   -15.761522   0.91527557 
    4700    78.998338    117.50404   -15.761417   0.91525471 
    4800    78.998266    117.50393   -15.761311   0.91523396 
    4900    78.998193    117.50383   -15.761202   0.91521334 
    5000    78.998118    117.50371   -15.761091   0.91519285 
    5100    78.998042     117.5036   -15.760978   0.91517248 
    5200    78.997964    117.50349   -15.760862   0.91515223 
    5300    78.997885    117.50337   -15.760745   0.91513211 
    5400    78.997805    117.50325   -15.760625   0.91511211 
    5500    78.997723    117.50313   -15.760503   0.91509224 
    5600    78.997639      117.503   -15.760378   0.91507249 
    5700    78.997554    117.50287   -15.760251   0.91505286 
    5800    78.997467    117.50275   -15.760122   0.91503336 
    5900    78.997379    117.50261   -15.759991   0.91501399 
    6000    78.997289    117.50248   -15.759858   0.91499473 
    6100    78.997198    117.50235   -15.759722    0.9149756 
    6200    78.997105    117.50221   -15.759584    0.9149566 
    6300    78.997011    117.50207   -15.759444   0.91493772 
    6400    78.996915    117.50192   -15.759302   0.91491896 
    6500    78.996818    117.50178   -15.759157   0.91490033 
    6600    78.996719    117.50163    -15.75901   0.91488183 
    6700    78.996619    117.50148   -15.758861   0.91486344 
    6800    78.996517    117.50133   -15.758709   0.91484518 
    6900    78.996414    117.50118   -15.758556   0.91482705 
    7000    78.996309    117.50102     -15.7584   0.91480904 
    7100    78.996203    117.50086   -15.758242   0.91479115 
    7200    78.996095     117.5007   -15.758081   0.91477339 
    7300    78.995986    117.50054   -15.757919   0.91475576 
    7400    78.995875    117.50038   -15.757754   0.91473824 
    7500    78.995762    117.50021   -15.757587   0.91472085 
    7600    78.995648    117.50004   -15.757417   0.91470359 
    7700    78.995533    117.49987   -15.757246   0.91468645 
    7800    78.995416    117.49969   -15.757072   0.91466944 
    7900    78.995298    117.49952   -15.756896   0.91465254 
    8000    78.995178    117.49934   -15.756718   0.91463578 
    8100    78.995056    117.49916   -15.756537   0.91461913 
    8200    78.994934    117.49898   -15.756354   0.91460262 
    8300    78.994809    117.49879   -15.756169   0.91458622 
    8400    78.994683     117.4986   -15.755982   0.91456995 
    8500    78.994556    117.49841   -15.755792   0.91455381 
    8600    78.994427    117.49822     -15.7556   0.91453779 
    8700    78.994296    117.49803   -15.755406   0.91452189 
    8800    78.994164    117.49783    -15.75521   0.91450612 
    8900    78.994031    117.49763   -15.755011   0.91449047 
    9000    78.993896    117.49743    -15.75481   0.91447495 
    9100    78.993759    117.49723   -15.754607   0.91445955 
    9200    78.993621    117.49702   -15.754402   0.91444428 
    9300    78.993482    117.49682   -15.754194   0.91442913 
    9400     78.99334    117.49661   -15.753985    0.9144141 
    9500    78.993198     117.4964   -15.753772    0.9143992 
    9600    78.993054    117.49618   -15.753558   0.91438443 
    9700    78.992908    117.49596   -15.753342   0.91436978 
    9800    78.992761    117.49575   -15.753123   0.91435525 
    9900    78.992612    117.49552   -15.752902   0.91434085 
   10000    78.992462     117.4953   -15.752731   0.91432533 
   10100    78.992311    117.49508   -15.752505   0.91431118 
   10200    78.992157    117.49485   -15.752277   0.91429715 
   10300    78.992003    117.49462   -15.752047   0.91428325 
   10400    78.991847    117.49439   -15.751815   0.91426947 
   10500    78.991689    117.49415    -15.75158   0.91425581 
   10600     78.99153    117.49391   -15.751343   0.91424228 
   10700    78.991369    117.49367   -15.751104   0.91422887 
   10800    78.991207    117.49343   -15.750863   0.91421559 
   10900    78.991043    117.49319   -15.750619   0.91420244 
   11000    78.990878    117.49294   -15.750374    0.9141894 
   11100    78.990711     117.4927   -15.750125    0.9141765 
   11200    78.990542    117.49245   -15.749875   0.91416371 
   11300    78.990373    117.49219   -15.749623   0.91415105 
   11400    78.990201    117.49194   -15.749368   0.91413852 
   11500    78.990028    117.49168   -15.749111   0.91412611 
   11600    78.989854    117.49142   -15.748851   0.91411383 
   11700    78.989678    117.49116    -15.74859   0.91410166 
   11800    78.989501     117.4909   -15.748326   0.91408963 
   11900    78.989322    117.49063   -15.748059   0.91407772 
   12000    78.989141    117.49036   -15.747791   0.91406593 
   12100    78.988959    117.49009    -15.74752   0.91405427 
   12200    78.988776    117.48982   -15.747248   0.91404273 
   12300    78.988591    117.48954   -15.746972   0.91403132 
   12400    78.988404    117.48927   -15.746695   0.91402004 
   12500    78.988216    117.48899   -15.746415   0.91400887 
   12600    78.988027     117.4887   -15.746133   0.91399784 
   12700    78.987836    117.48842   -15.745849   0.91398692 
   12800    78.987643    117.48813   -15.745563   0.91397613 
   12900    78.987449    117.48784   -15.745274   0.91396547 
   13000    78.987253    117.48755   -15.744983   0.91395493 
   13100    78.987056    117.48726    -15.74469   0.91394452 
   13200    78.986858    117.48696   -15.744394   0.91393423 
   13300    78.986657    117.48667   -15.744096   0.91392407 
   13400    78.986456    117.48637   -15.743796   0.91391403 
   13500    78.986253    117.48606   -15.743494   0.91390411 
   13600    78.986048    117.48576    -15.74319   0.91389432 
   13700    78.985841    117.48545   -15.742935   0.91388343 
   13800    78.985634    117.48514   -15.742626   0.91387389 
   13900    78.985424    117.48483   -15.742315   0.91386447 
   14000    78.985214    117.48452   -15.742001   0.91385518 
   14100    78.985001     117.4842   -15.741685   0.91384602 
   14200    78.984787    117.48389   -15.741367   0.91383698 
   14300    78.984572    117.48356   -15.741047   0.91382806 
   14400    78.984355    117.48324   -15.740724   0.91381927 
   14500    78.984137    117.48292   -15.740399   0.91381061 
   14600    78.983917    117.48259   -15.740072   0.91380207 
   14700    78.983695    117.48226   -15.739743   0.91379365 
   14800    78.983472    117.48193   -15.739411   0.91378536 
   14900    78.983248     117.4816   -15.739077    0.9137772 
   15000    78.983022    117.48126   -15.738741   0.91376916 
   15100    78.982794    117.48092   -15.738402   0.91376124 
   15200    78.982565    117.48058   -15.738061   0.91375345 
   15300    78.982334    117.48024   -15.737718   0.91374579 
   15400    78.982102    117.47989   -15.737373   0.91373825 
   15500    78.981868    117.47954   -15.737026   0.91373083 
   15600    78.981633    117.47919   -15.736676   0.91372354 
   15700    78.981396    117.47884   -15.736324   0.91371638 
   15800    78.981158    117.47849   -15.735969   0.91370934 
   15900    78.980918    117.47813   -15.735612   0.91370242 
   16000    78.980677    117.47777   -15.735254   0.91369563 
   16100    78.980434    117.47741   -15.734892   0.91368897 
   16200     78.98019    117.47705   -15.734529   0.91368243 
   16300    78.979944    117.47668   -15.734163   0.91367602 
   16400    78.979697    117.47631   -15.733795   0.91366973 
   16500    78.979448    117.47594   -15.733425   0.91366356 
   16600    78.979197    117.47557   -15.733052   0.91365753 
   16700    78.978945     117.4752   -15.732677   0.91365161 
   16800    78.978692    117.47482     -15.7323   0.91364583 
   16900    78.978436    117.47444   -15.731921   0.91364016 
   17000     78.97818    117.47406   -15.731539   0.91363463 
   17100    78.977922    117.47367   -15.731155   0.91362922 
   17200    78.977662    117.47329   -15.730769   0.91362393 
   17300    78.977401     117.4729    -15.73038   0.91361877 
   17400    78.977138    117.47251    -15.72999   0.91361373 
   17500    78.976874    117.47211   -15.729597   0.91360882 
   17600    78.976608    117.47172   -15.729201   0.91360404 
   17700    78.976341    117.47132   -15.728804   0.91359938 
   17800    78.976072    117.47092   -15.728404   0.91359484 
   17900    78.975801    117.47052   -15.728001   0.91359043 
   18000     78.97553    117.47012   -15.727597   0.91358615 
   18100    78.975256    117.46971    -15.72719   0.91358199 
   18200    78.974981     117.4693   -15.726781   0.91357796 
   18300    78.974705    117.46889    -15.72637   0.91357405 
   18400    78.974426    117.46847   -15.725956   0.91357027 
   18500    78.974147    117.46806    -15.72554   0.91356662 
   18600    78.973866    117.46764   -15.725122   0.91356308 
   18700    78.973583    117.46722   -15.724702   0.91355968 
   18800    78.973299     117.4668   -15.724279    0.9135564 
   18900    78.973013    117.46637   -15.723854   0.91355325 
   19000    78.972726    117.46594   -15.723427   0.91355022 
   19100    78.972437    117.46551   -15.722997   0.91354732 
   19200    78.972147    117.46508   -15.722565   0.91354454 
   19300    78.971855    117.46465   -15.722131   0.91354189 
   19400    78.971561    117.46421   -15.721694   0.91353936 
   19500    78.971266    117.46377   -15.721256   0.91353696 
   19600     78.97097    117.46333   -15.720814   0.91353468 
   19700    78.970672    117.46289   -15.720371   0.91353254 
   19800    78.970372    117.46244   -15.719925   0.91353051 
   19900    78.970071      117.462   -15.719478   0.91352861 
   20000    78.969768    117.46155   -15.719027   0.91352684 
   20100    78.969464    117.46109   -15.718575    0.9135252 
   20200    78.969158    117.46064    -15.71812   0.91352368 
   20300    78.968851    117.46018   -15.717663   0.91352228 
   20400    78.968542    117.45972   -15.717203   0.91352101 
   20500    78.968232    117.45926   -15.716742   0.91351987 
   20600     78.96792     117.4588   -15.716278   0.91351885 
   20700    78.967606    117.45833   -15.715811   0.91351796 
   20800    78.967291    117.45786   -15.715343   0.91351719 
   20900    78.966974    117.45739   -15.714872   0.91351655 
   21000    78.966656    117.45692   -15.714399   0.91351604 
   21100    78.966337    117.45644   -15.713923   0.91351565 
   21200    78.966015    117.45596   -15.713445   0.91351539 
   21300    78.965693    117.45548   -15.712965   0.91351525 
   21400    78.965368      117.455   -15.712483   0.91351524 
   21500    78.965042    117.45452   -15.711998   0.91351536 
   21600    78.964715    117.45403   -15.711511    0.9135156 
   21700    78.964386    117.45354   -15.711022   0.91351596 
   21800    78.964055    117.45305    -15.71053   0.91351646 
   21900    78.963723    117.45255   -15.710036   0.91351708 
   22000     78.96339    117.45206    -15.70954   0.91351782 
   22100    78.963055    117.45156   -15.709041   0.91351869 
   22200    78.962718    117.45106   -15.708541   0.91351969 
   22300     78.96238    117.45056   -15.708037   0.91352081 
   22400     78.96204    117.45005   -15.707532   0.91352206 
   22500    78.961698    117.44954   -15.707024   0.91352344 
   22600    78.961355    117.44903   -15.706514   0.91352494 
   22700    78.961011    117.44852   -15.706002   0.91352657 
   22800    78.960665      117.448   -15.705487   0.91352832 
   22900    78.960317    117.44749    -15.70497    0.9135302 
   23000    78.959968    117.44697   -15.704451   0.91353221 
   23100    78.959617    117.44645   -15.703929   0.91353434 
   23200    78.959265    117.44592   -15.703405    0.9135366 
   23300    78.958911     117.4454   -15.702879   0.91353898 
   23400    78.958556    117.44487    -15.70235   0.91354149 
   23500    78.958199    117.44434   -15.701819   0.91354413 
   23600     78.95784     117.4438   -15.701286    0.9135469 
   23700     78.95748    117.44327    -15.70075   0.91354978 
   23800    78.957119    117.44273   -15.700212    0.9135528 
   23900    78.956756    117.44219   -15.699672   0.91355594 
   24000    78.956391    117.44165    -15.69913   0.91355921 
   24100    78.956025     117.4411   -15.698585   0.91356261 
   24200    78.955657    117.44056   -15.698038   0.91356613 
   24300    78.955287    117.44001   -15.697488   0.91356978 
   24400    78.954916    117.43945   -15.696936   0.91357355 
   24500    78.954544     117.4389   -15.696382   0.91357745 
   24600     78.95417    117.43834   -15.695826   0.91358148 
   24700    78.953794    117.43779   -15.695267   0.91358563 
   24800    78.953417    117.43722   -15.694706   0.91358991 
   24900    78.953038    117.43666   -15.694142   0.91359432 
   25000    78.952658    117.43609   -15.693577   0.91359885 
   25100    78.952276    117.43553   -15.693008   0.91360351 
   25200    78.951892    117.43496   -15.692438    0.9136083 
   25300    78.951507    117.43438   -15.691865   0.91361321 
   25400     78.95112    117.43381    -15.69129   0.91361825 
   25500    78.950732    117.43323   -15.690713   0.91362341 
   25600    78.950342    117.43265   -15.690133    0.9136287 
   25700    78.949951    117.43207   -15.689551   0.91363412 
   25800    78.949558    117.43148   -15.688966   0.91363967 
   25900    78.949164     117.4309    -15.68838   0.91364534 
   26000    78.948768    117.43031   -15.687791   0.91365114 
   26100     78.94837    117.42972   -15.687199   0.91365706 
   26200    78.947971    117.42912   -15.686605   0.91366312 
   26300     78.94757    117.42853   -15.686009   0.91366929 
   26400    78.947168    117.42793   -15.685411    0.9136756 
   26500    78.946764    117.42733    -15.68481   0.91368203 
   26600    78.946358    117.42672   -15.684207   0.91368859 
   26700    78.945951    117.42612   -15.683601   0.91369528 
   26800    78.945542    117.42551   -15.682993   0.91370209 
   26900    78.945132     117.4249   -15.682383   0.91370903 
   27000     78.94472    117.42429   -15.681771   0.91371609 
   27100    78.944307    117.42367   -15.681156   0.91372329 
   27200    78.943892    117.42306   -15.680539    0.9137306 
   27300    78.943476    117.42244   -15.679919   0.91373805 
   27400    78.943057    117.42182   -15.679297   0.91374562 
   27500    78.942638    117.42119   -15.678673   0.91375332 
   27600    78.942217    117.42056   -15.678046   0.91376115 
   27700    78.941794    117.41994   -15.677417   0.91376911 
   27800    78.941369     117.4193   -15.676786   0.91377719 
   27900    78.940943    117.41867   -15.676152   0.91378539 
   28000    78.940516    117.41803   -15.675516   0.91379373 
   28100    78.940086     117.4174   -15.674878   0.91380219 
   28200    78.939656    117.41676   -15.674237   0.91381078 
   28300    78.939223    117.41611   -15.673594    0.9138195 
   28400    78.938789    117.41547   -15.672949   0.91382834 
   28500    78.938354    117.41482   -15.672301   0.91383731 
   28600    78.937917    117.41417   -15.671651   0.91384641 
   28700    78.937478    117.41352   -15.670998   0.91385563 
   28800    78.937038    117.41286   -15.670343   0.91386498 
   28900    78.936596     117.4122   -15.669686   0.91387446 
   29000    78.936152    117.41154   -15.669027   0.91388407 
   29100    78.935707    117.41088   -15.668365    0.9138938 
   29200    78.935261    117.41022     -15.6677   0.91390366 
   29300    78.934813    117.40955   -15.667034   0.91391364 
   29400    78.934363    117.40888   -15.666365   0.91392376 
   29500    78.933911    117.40821   -15.665693     0.913934 
   29600    78.933458    117.40754   -15.665019   0.91394437 
   29700    78.933004    117.40686   -15.664343   0.91395486 
   29800    78.932548    117.40618   -15.663665   0.91396549 
   29900     78.93209     117.4055   -15.662984   0.91397624 
   30000     78.93163    117.40482     -15.6623   0.91398712 
   30100     78.93117    117.40413   -15.661615   0.91399812 
   30200    78.930707    117.40344   -15.660927   0.91400925 
   30300    78.930243    117.40275   -15.660236   0.91402051 
   30400    78.929777    117.40206   -15.659544    0.9140319 
   30500     78.92931    117.40137   -15.658848   0.91404341 
   30600    78.928841    117.40067   -15.658151   0.91405506 
   30700     78.92837    117.39997   -15.657451   0.91406682 
   30800    78.927898    117.39927   -15.656749   0.91407872 
   30900    78.927424    117.39856   -15.656044   0.91409074 
   31000    78.926949    117.39786   -15.655337    0.9141029 
   31100    78.926472    117.39715   -15.654628   0.91411517 
   31200    78.925993    117.39643   -15.653916   0.91412758 
   31300    78.925513    117.39572   -15.653202   0.91414011 
   31400    78.925032      117.395   -15.652485   0.91415278 
   31500    78.924548    117.39428   -15.651766   0.91416556 
   31600    78.924063    117.39356   -15.651045   0.91417848 
   31700    78.923577    117.39284   -15.650321   0.91419152 
   31800    78.923088    117.39211   -15.649595    0.9142047 
   31900    78.922599    117.39138   -15.648866     0.914218 
   32000    78.922107    117.39065   -15.648135   0.91423142 
   32100    78.921614    117.38992   -15.647402   0.91424498 
   32200     78.92112    117.38918   -15.646666   0.91425866 
   32300    78.920624    117.38845   -15.645928   0.91427247 
   32400    78.920126    117.38771   -15.645188    0.9142864 
   32500    78.919626    117.38696   -15.644445   0.91430047 
   32600    78.919125    117.38622     -15.6437   0.91431466 
   32700    78.918623    117.38547   -15.642952   0.91432898 
   32800    78.918118    117.38472   -15.642202   0.91434343 
   32900    78.917612    117.38397    -15.64145     0.914358 
   33000    78.917105    117.38321   -15.640695   0.91437271 
   33100    78.916596    117.38246   -15.639938   0.91438754 
   33200    78.916085     117.3817   -15.639178    0.9144025 
   33300    78.915573    117.38093   -15.638416   0.91441758 
   33400    78.915059    117.38017   -15.637651    0.9144328 
   33500    78.914543     117.3794   -15.636884   0.91444814 
   33600    78.914026    117.37863   -15.636115   0.91446361 
   33700    78.913507    117.37786   -15.635344   0.91447921 
   33800    78.912987    117.37709   -15.634569   0.91449493 
   33900    78.912465    117.37631   -15.633793   0.91451079 
   34000    78.911941    117.37553   -15.633014   0.91452677 
   34100    78.911416    117.37475   -15.632233   0.91454288 
   34200    78.910889    117.37397   -15.631449   0.91455911 
   34300     78.91036    117.37318   -15.630663   0.91457548 
   34400     78.90983    117.37239   -15.629874   0.91459197 
   34500    78.909299     117.3716   -15.629083   0.91460859 
   34600    78.908765    117.37081    -15.62829   0.91462534 
   34700     78.90823    117.37001   -15.627494   0.91464222 
   34800    78.907693    117.36921   -15.626696   0.91465922 
   34900    78.907155    117.36841   -15.625895   0.91467635 
   35000    78.906615    117.36761   -15.625092   0.91469361 
   35100    78.906074     117.3668   -15.624287     0.914711 
   35200    78.905531      117.366   -15.623479   0.91472852 
   35300    78.904986    117.36519   -15.622669   0.91474616 
   35400    78.904439    117.36437   -15.621856   0.91476394 
   35500    78.903891    117.36356   -15.621041   0.91478184 
   35600    78.903342    117.36274   -15.620223   0.91479987 
   35700     78.90279    117.36192   -15.619403   0.91481802 
   35800    78.902238     117.3611   -15.618581   0.91483631 
   35900    78.901683    117.36027   -15.617756   0.91485472 
   36000    78.901127    117.35945   -15.616928   0.91487326 
   36100    78.900569    117.35862   -15.616099   0.91489193 
   36200    78.900009    117.35778   -15.615267   0.91491073 
   36300    78.899448    117.35695   -15.614432   0.91492965 
   36400    78.898886    117.35611   -15.613595   0.91494871 
   36500    78.898321    117.35527   -15.612756   0.91496789 
   36600    78.897755    117.35443   -15.611914    0.9149872 
   36700    78.897188    117.35359   -15.611069   0.91500664 
   36800    78.896618    117.35274   -15.610223    0.9150262 
   36900    78.896047    117.35189   -15.609373    0.9150459 
   37000    78.895475    117.35104   -15.608522   0.91506572 
   37100    78.894901    117.35019   -15.607668   0.91508567 
   37200    78.894325    117.34933   -15.606811   0.91510575 
   37300    78.893747    117.34847   -15.605952   0.91512596 
   37400    78.893168    117.34761   -15.605091   0.91514629 
   37500    78.892587    117.34674   -15.604227   0.91516676 
   37600    78.892005    117.34588   -15.603361   0.91518735 
   37700    78.891421    117.34501   -15.602492   0.91520807 
   37800    78.890835    117.34414   -15.601621   0.91522892 
   37900    78.890248    117.34327   -15.600747   0.91524989 
   38000    78.889659    117.34239   -15.599871     0.915271 
   38100    78.889068    117.34151   -15.598992   0.91529223 
   38200    78.888476    117.34063   -15.598111   0.91531359 
   38300    78.887882    117.33975   -15.597228   0.91533508 
   38400    78.887286    117.33886   -15.596342    0.9153567 
   38500    78.886689    117.33797   -15.595454   0.91537845 
   38600     78.88609    117.33708   -15.594563   0.91540032 
   38700     78.88549    117.33619    -15.59367   0.91542233 
   38800    78.884888    117.33529   -15.592774   0.91544446 
   38900    78.884284    117.33439   -15.591876   0.91546672 
   39000    78.883678    117.33349   -15.590975   0.91548911 
   39100    78.883071    117.33259   -15.590072   0.91551162 
   39200    78.882462    117.33168   -15.589167   0.91553427 
   39300    78.881852    117.33078   -15.588259   0.91555704 
   39400     78.88124    117.32987   -15.587348   0.91557994 
   39500    78.880626    117.32895   -15.586435   0.91560297 
   39600    78.880011    117.32804    -15.58552   0.91562613 
   39700    78.879393    117.32712   -15.584602   0.91564942 
   39800    78.878775     117.3262   -15.583681   0.91567283 
   39900    78.878154    117.32528   -15.582759   0.91569638 
   40000    78.877532    117.32435   -15.581833   0.91572005 
   40100    78.876909    117.32342   -15.580906   0.91574385 
   40200    78.876283    117.32249   -15.579975   0.91576778 
   40300    78.875656    117.32156   -15.579043   0.91579184 
   40400    78.875027    117.32063   -15.578108   0.91581602 
   40500    78.874397    117.31969    -15.57717   0.91584034 
   40600    78.873765    117.31875    -15.57623   0.91586478 
   40700    78.873131    117.31781   -15.575287   0.91588935 
   40800    78.872496    117.31686   -15.574342   0.91591405 
   40900    78.871859    117.31591   -15.573395   0.91593888 
   41000     78.87122    117.31496   -15.572445   0.91596383 
   41100     78.87058    117.31401   -15.571492   0.91598892 
   41200    78.869938    117.31306   -15.570537   0.91601413 
   41300    78.869294     117.3121    -15.56958   0.91603947 
   41400    78.868649    117.31114    -15.56862   0.91606494 
   41500    78.868002    117.31018   -15.567658   0.91609054 
   41600    78.867353    117.30921   -15.566693   0.91611627 
   41700    78.866703    117.30824   -15.565725   0.91614213 
   41800    78.866051    117.30727   -15.564755   0.91616811 
   41900    78.865397     117.3063   -15.563783   0.91619422 
   42000    78.864742    117.30533   -15.562808   0.91622046 
   42100    78.864084    117.30435   -15.561831   0.91624683 
   42200    78.863426    117.30337   -15.560851   0.91627333 
   42300    78.862765    117.30239   -15.559869   0.91629996 
   42400    78.862103     117.3014   -15.558884   0.91632671 
   42500     78.86144    117.30041   -15.557897   0.91635359 
   42600    78.860774    117.29942   -15.556907   0.91638061 
   42700    78.860107    117.29843   -15.555915   0.91640775 
   42800    78.859438    117.29744    -15.55492   0.91643501 
   42900    78.858768    117.29644   -15.553923   0.91646241 
   43000    78.858096    117.29544   -15.552923   0.91648994 
   43100    78.857422    117.29444   -15.551921   0.91651759 
   43200    78.856746    117.29343   -15.550916   0.91654537 
   43300    78.856069    117.29243   -15.549909   0.91657328 
   43400     78.85539    117.29142   -15.548899   0.91660132 
   43500     78.85471     117.2904   -15.547886   0.91662949 
   43600    78.854027    117.28939   -15.546872   0.91665779 
   43700    78.853343    117.28837   -15.545854   0.91668621 
   43800    78.852658    117.28735   -15.544835   0.91671476 
   43900    78.851971    117.28633   -15.543812   0.91674344 
   44000    78.851282    117.28531   -15.542788   0.91677225 
   44100    78.850591    117.28428    -15.54176   0.91680119 
   44200    78.849899    117.28325   -15.540731   0.91683026 
   44300    78.849205    117.28222   -15.539698   0.91685945 
   44400    78.848509    117.28118   -15.538663   0.91688878 
   44500    78.847812    117.28014   -15.537626   0.91691823 
   44600    78.847112     117.2791   -15.536586   0.91694781 
   44700    78.846412    117.27806   -15.535544   0.91697752 
   44800    78.845709    117.27702   -15.534499   0.91700735 
   44900    78.845005    117.27597   -15.533452   0.91703732 
   45000    78.844299    117.27492   -15.532402   0.91706741 
   45100    78.843592    117.27387   -15.531349   0.91709763 
   45200    78.842882    117.27281   -15.530294   0.91712798 
   45300    78.842172    117.27176   -15.529237   0.91715846 
   45400    78.841459     117.2707   -15.528177   0.91718907 
   45500    78.840745    117.26963   -15.527115    0.9172198 
   45600    78.840029    117.26857    -15.52605   0.91725067 
   45700    78.839311     117.2675   -15.524982   0.91728166 
   45800    78.838592    117.26643   -15.523912   0.91731278 
   45900     78.83787    117.26536   -15.522839   0.91734403 
   46000    78.837148    117.26428   -15.521764    0.9173754 
   46100    78.836423     117.2632   -15.520687   0.91740691 
   46200    78.835697    117.26212   -15.519607   0.91743854 
   46300    78.834969    117.26104   -15.518524    0.9174703 
   46400     78.83424    117.25996   -15.517439   0.91750219 
   46500    78.833508    117.25887   -15.516351    0.9175342 
   46600    78.832775    117.25778   -15.515261   0.91756635 
   46700    78.832041    117.25669   -15.514168   0.91759862 
   46800    78.831304    117.25559   -15.513073   0.91763103 
   46900    78.830566    117.25449   -15.511975   0.91766355 
   47000    78.829826    117.25339   -15.510875   0.91769621 
   47100    78.829085    117.25229   -15.509772     0.917729 
   47200    78.828342    117.25118   -15.508666   0.91776191 
   47300    78.827597    117.25008   -15.507558   0.91779495 
   47400     78.82685    117.24897   -15.506448   0.91782812 
   47500    78.826102    117.24785   -15.505335   0.91786142 
   47600    78.825352    117.24674   -15.504219   0.91789485 
   47700      78.8246    117.24562   -15.503101    0.9179284 
   47800    78.823847     117.2445    -15.50198   0.91796208 
   47900    78.823092    117.24338   -15.500857   0.91799589 
   48000    78.822335    117.24225   -15.499732   0.91802983 
   48100    78.821576    117.24112   -15.498603    0.9180639 
   48200    78.820816    117.23999   -15.497473   0.91809809 
   48300    78.820054    117.23886   -15.496339   0.91813241 
   48400    78.819291    117.23772   -15.495203   0.91816686 
   48500    78.818525    117.23658   -15.494065   0.91820144 
   48600    78.817758    117.23544   -15.492924   0.91823614 
   48700    78.816989     117.2343   -15.491781   0.91827098 
   48800    78.816219    117.23315   -15.490634   0.91830594 
   48900    78.815447      117.232   -15.489486   0.91834103 
   49000    78.814673    117.23085   -15.488335   0.91837624 
   49100    78.813897     117.2297   -15.487181   0.91841159 
   49200     78.81312    117.22854   -15.486025   0.91844706 
   49300    78.812341    117.22738   -15.484866   0.91848266 
   49400     78.81156    117.22622   -15.483705   0.91851838 
   49500    78.810778    117.22506   -15.482541   0.91855424 
   49600    78.809993    117.22389   -15.481374   0.91859022 
   49700    78.809208    117.22272   -15.480206   0.91862633 
   49800     78.80842    117.22155   -15.479034   0.91866257 
   49900    78.807631    117.22038    -15.47786   0.91869893 
   50000     78.80684     117.2192   -15.476683   0.91873542 
   50100    78.806047    117.21802   -15.475504   0.91877204 
   50200    78.805252    117.21684   -15.474322   0.91880879 
   50300    78.804456    117.21566   -15.473138   0.91884566 
   50400    78.803658    117.21447   -15.471951   0.91888266 
   50500    78.802859    117.21328   -15.470762   0.91891979 
   50600    78.802057    117.21209    -15.46957   0.91895705 
   50700    78.801254    117.21089   -15.468375   0.91899443 
   50800    78.800449     117.2097   -15.467178   0.91903194 
   50900    78.799643     117.2085   -15.465979   0.91906958 
   51000    78.798835    117.20729   -15.464777   0.91910735 
   51100    78.798025    117.20609   -15.463572   0.91914524 
   51200    78.797213    117.20488   -15.462365   0.91918326 
   51300      78.7964    117.20367   -15.461155    0.9192214 
   51400    78.795585    117.20246   -15.459942   0.91925968 
   51500    78.794768    117.20125   -15.458727   0.91929808 
   51600    78.793949    117.20003    -15.45751    0.9193366 
   51700    78.793129    117.19881    -15.45629   0.91937526 
   51800    78.792307    117.19759   -15.455067   0.91941404 
   51900    78.791483    117.19636   -15.453842   0.91945295 
   52000    78.790658    117.19513   -15.452614   0.91949198 
   52100    78.789831     117.1939   -15.451384   0.91953114 
   52200    78.789002    117.19267   -15.450151   0.91957043 
   52300    78.788171    117.19143   -15.448916   0.91960985 
   52400    78.787339     117.1902   -15.447678   0.91964939 
   52500    78.786505    117.18896   -15.446385   0.91969029 
   52600    78.785669    117.18771   -15.445141   0.91973009 
   52700    78.784832    117.18647   -15.443896   0.91977001 
   52800    78.783992    117.18522   -15.442647   0.91981005 
   52900    78.783151    117.18397   -15.441397   0.91985023 
   53000    78.782309    117.18271   -15.440143   0.91989053 
   53100    78.781464    117.18146   -15.438887   0.91993096 
   53200    78.780618     117.1802   -15.437629   0.91997151 
   53300     78.77977    117.17894   -15.436367   0.92001219 
   53400    78.778921    117.17767   -15.435104     0.920053 
   53500    78.778069    117.17641   -15.433838   0.92009393 
   53600    78.777216    117.17514   -15.432569   0.92013499 
   53700    78.776362    117.17387   -15.431297   0.92017617 
   53800    78.775505    117.17259   -15.430023   0.92021748 
   53900    78.774647    117.17132   -15.428747   0.92025892 
   54000    78.773787    117.17004   -15.427468   0.92030048 
   54100    78.772925    117.16876   -15.426186   0.92034217 
   54200    78.772062    117.16747   -15.424902   0.92038399 
   54300    78.771197    117.16619   -15.423615   0.92042593 
   54400     78.77033     117.1649   -15.422326   0.92046799 
   54500    78.769461     117.1636   -15.421034   0.92051018 
   54600    78.768591    117.16231   -15.419739    0.9205525 
   54700    78.767719    117.16101   -15.418442   0.92059494 
   54800    78.766845    117.15971   -15.417143   0.92063751 
   54900     78.76597    117.15841    -15.41584   0.92068021 
   55000    78.765093    117.15711   -15.414536   0.92072303 
   55100    78.764214     117.1558   -15.413228   0.92076597 
   55200    78.763333    117.15449   -15.411918   0.92080904 
   55300    78.762451    117.15318   -15.410606   0.92085224 
   55400    78.761566    117.15186   -15.409291   0.92089556 
   55500    78.760681    117.15054   -15.407973     0.920939 
   55600    78.759793    117.14922   -15.406653   0.92098258 
   55700    78.758904     117.1479    -15.40533   0.92102627 
   55800    78.758013    117.14658   -15.404005   0.92107009 
   55900     78.75712    117.14525   -15.402677   0.92111404 
   56000    78.756225    117.14392   -15.401346   0.92115811 
   56100    78.755329    117.14258   -15.400013   0.92120231 
   56200    78.754431    117.14125   -15.398677   0.92124663 
   56300    78.753531    117.13991   -15.397339   0.92129107 
   56400     78.75263    117.13857   -15.395998   0.92133564 
   56500    78.751727    117.13723   -15.394655   0.92138034 
   56600    78.750822    117.13588   -15.393309   0.92142516 
   56700    78.749915    117.13453    -15.39196    0.9214701 
   56800    78.749007    117.13318   -15.390609   0.92151517 
   56900    78.748097    117.13183   -15.389256   0.92156036 
   57000    78.747185    117.13047   -15.387899   0.92160568 
   57100    78.746271    117.12911   -15.386541   0.92165112 
   57200    78.745356    117.12775   -15.385179   0.92169668 
   57300    78.744439    117.12639   -15.383815   0.92174237 
   57400     78.74352    117.12502   -15.382449   0.92178818 
   57500      78.7426    117.12365   -15.381079   0.92183412 
   57600    78.741678    117.12228   -15.379708   0.92188018 
   57700    78.740754     117.1209   -15.378334   0.92192636 
   57800    78.739828    117.11953   -15.376957   0.92197267 
   57900    78.738901    117.11815   -15.375577    0.9220191 
   58000    78.737972    117.11677   -15.374195   0.92206566 
   58100    78.737041    117.11538   -15.372811   0.92211234 
   58200    78.736108    117.11399   -15.371424   0.92215914 
   58300    78.735174     117.1126   -15.370034   0.92220606 
   58400    78.734238    117.11121   -15.368642   0.92225311 
   58500      78.7333    117.10982   -15.367247   0.92230028 
   58600    78.732361    117.10842   -15.365849   0.92234758 
   58700     78.73142    117.10702    -15.36445   0.92239499 
   58800    78.730477    117.10562   -15.363047   0.92244253 
   58900    78.729532    117.10421   -15.361642    0.9224902 
   59000    78.728586     117.1028   -15.360234   0.92253798 
   59100    78.727638    117.10139   -15.358824   0.92258589 
   59200    78.726688    117.09998   -15.357411   0.92263392 
   59300    78.725736    117.09857   -15.355996   0.92268208 
   59400    78.724783    117.09715   -15.354578   0.92273035 
   59500    78.723828    117.09573   -15.353157   0.92277875 
   59600    78.722871     117.0943   -15.351734   0.92282727 
   59700    78.721913    117.09288   -15.350309   0.92287591 
   59800    78.720952    117.09145    -15.34888   0.92292468 
   59900     78.71999    117.09002    -15.34745   0.92297356 
   60000    78.719027    117.08859   -15.346016   0.92302257 
   60100    78.718061    117.08715    -15.34458    0.9230717 
   60200    78.717094    117.08571   -15.343142   0.92312095 
   60300    78.716126    117.08427   -15.341701   0.92317033 
   60400    78.715155    117.08283   -15.340257   0.92321982 
   60500    78.714183    117.08138   -15.338811   0.92326944 
   60600    78.713209    117.07993   -15.337362   0.92331918 
   60700    78.712233    117.07848   -15.335911   0.92336904 
   60800    78.711256    117.07703   -15.334457   0.92341902 
   60900    78.710276    117.07557   -15.333001   0.92346912 
   61000    78.709296    117.07411   -15.331542   0.92351934 
   61100    78.708313    117.07265    -15.33008   0.92356968 
   61200    78.707329    117.07119   -15.328616   0.92362015 
   61300    78.706343    117.06972   -15.327149   0.92367073 
   61400    78.705355    117.06825    -15.32568   0.92372143 
   61500    78.704365    117.06678   -15.324208   0.92377226 
   61600    78.703374     117.0653   -15.322734   0.92382321 
   61700    78.702381    117.06383   -15.321257   0.92387427 
   61800    78.701387    117.06235   -15.319778   0.92392546 
   61900     78.70039    117.06087   -15.318296   0.92397676 
   62000    78.699392    117.05938   -15.316811   0.92402819 
   62100    78.698393    117.05789   -15.315324   0.92407973 
   62200    78.697391    117.05641   -15.313835    0.9241314 
   62300    78.696388    117.05491   -15.312342   0.92418318 
   62400    78.695383    117.05342   -15.310848   0.92423509 
   62500    78.694376    117.05192    -15.30935   0.92428711 
   62600    78.693368    117.05042    -15.30785   0.92433925 
   62700    78.692358    117.04892   -15.306401   0.92439028 
   62800    78.691346    117.04741   -15.304896   0.92444266 
   62900    78.690333    117.04591   -15.303388   0.92449516 
   63000    78.689317     117.0444   -15.301878   0.92454778 
   63100    78.688301    117.04288   -15.300366   0.92460052 
   63200    78.687282    117.04137    -15.29885   0.92465337 
   63300    78.686262    117.03985   -15.297333   0.92470635 
   63400     78.68524    117.03833   -15.295813   0.92475944 
   63500    78.684216    117.03681    -15.29429   0.92481265 
   63600     78.68319    117.03528   -15.292765   0.92486598 
   63700    78.682163    117.03375   -15.291237   0.92491942 
   63800    78.681134    117.03222   -15.289707   0.92497299 
   63900    78.680104    117.03069   -15.288174   0.92502667 
   64000    78.679072    117.02916   -15.286638   0.92508047 
   64100    78.678038    117.02762     -15.2851   0.92513438 
   64200    78.677002    117.02608    -15.28356   0.92518842 
   64300    78.675965    117.02453   -15.282069   0.92524134 
   64400    78.674926    117.02299   -15.280524   0.92529561 
   64500    78.673885    117.02144   -15.278976   0.92534999 
   64600    78.672842    117.01989   -15.277425   0.92540449 
   64700    78.671798    117.01834   -15.275872   0.92545911 
   64800    78.670752    117.01678   -15.274316   0.92551384 
   64900    78.669705    117.01522   -15.272758    0.9255687 
   65000    78.668656    117.01366    -15.27125   0.92562243 
   65100    78.667605     117.0121   -15.269687   0.92567751 
   65200    78.666552    117.01053   -15.268121   0.92573271 
   65300    78.665498    117.00897   -15.266553   0.92578803 
   65400    78.664442     117.0074   -15.264982   0.92584346 
   65500    78.663384    117.00582   -15.263409     0.925899 
   65600    78.662325    117.00425   -15.261833   0.92595467 
   65700    78.661264    117.00267   -15.260255   0.92601044 
   65800    78.660201    117.00109   -15.258674   0.92606633 
   65900    78.659136     116.9995   -15.257091   0.92612234 
   66000     78.65807    116.99792   -15.255505   0.92617846 
   66100    78.657002    116.99633   -15.253917    0.9262347 
   66200    78.655933    116.99474   -15.252326   0.92629105 
   66300    78.654862    116.99315   -15.250733   0.92634752 
   66400    78.653789    116.99155   -15.249137   0.92640409 
   66500    78.652714    116.98995   -15.247538   0.92646079 
   66600    78.651638    116.98835   -15.245938   0.92651759 
   66700     78.65056    116.98675   -15.244334   0.92657452 
   66800    78.649481    116.98514   -15.242729   0.92663155 
   66900    78.648399    116.98353    -15.24112    0.9266887 
   67000    78.647316    116.98192   -15.239509   0.92674596 
   67100    78.646232    116.98031   -15.237896   0.92680333 
   67200    78.645145    116.97869    -15.23628   0.92686082 
   67300    78.644057    116.97708   -15.234662   0.92691842 
   67400    78.642968    116.97545   -15.233042   0.92697613 
   67500    78.641877    116.97383   -15.231418   0.92703396 
   67600    78.640784    116.97221   -15.229793   0.92709189 
   67700    78.639689    116.97058   -15.228164   0.92714994 
   67800    78.638593    116.96895   -15.226534    0.9272081 
   67900    78.637495    116.96731   -15.224901   0.92726638 
   68000    78.636395    116.96568   -15.223265   0.92732476 
   68100    78.635294    116.96404   -15.221627   0.92738326 
   68200    78.634191     116.9624   -15.219987   0.92744187 
   68300    78.633086    116.96076   -15.218344   0.92750058 
   68400     78.63198    116.95911   -15.216698   0.92755941 
   68500    78.630872    116.95746    -15.21505   0.92761835 
   68600    78.629763    116.95581     -15.2134    0.9276774 
   68700    78.628652    116.95416   -15.211747   0.92773656 
   68800    78.627539     116.9525   -15.210092   0.92779584 
   68900    78.626424    116.95085   -15.208434   0.92785522 
   69000    78.625308    116.94919   -15.206774   0.92791471 
   69100     78.62419    116.94752   -15.205111   0.92797431 
   69200    78.623071    116.94586   -15.203446   0.92803402 
   69300     78.62195    116.94419   -15.201779   0.92809384 
   69400    78.620827    116.94252   -15.200109   0.92815377 
   69500    78.619703    116.94085   -15.198436    0.9282138 
   69600    78.618577    116.93917   -15.196761   0.92827395 
   69700    78.617449     116.9375   -15.195084    0.9283342 
   69800     78.61632    116.93582   -15.193404   0.92839457 
   69900    78.615189    116.93414   -15.191722   0.92845504 
   70000    78.614056    116.93245   -15.190038   0.92851562 
   70100    78.612922    116.93076   -15.188351    0.9285763 
   70200    78.611786    116.92907   -15.186661    0.9286371 
   70300    78.610649    116.92738   -15.184969     0.928698 
   70400     78.60951    116.92569   -15.183275   0.92875901 
   70500    78.608369    116.92399   -15.181579   0.92882012 
   70600    78.607227    116.92229   -15.179879   0.92888135 
   70700    78.606083    116.92059   -15.178178   0.92894268 
   70800    78.604937    116.91889   -15.176474   0.92900411 
   70900     78.60379    116.91718   -15.174768   0.92906565 
   71000    78.602641    116.91547   -15.173059    0.9291273 
   71100    78.601491    116.91376   -15.171348   0.92918905 
   71200    78.600339    116.91205   -15.169634   0.92925091 
   71300    78.599186    116.91033   -15.167919   0.92931287 
   71400     78.59803    116.90861     -15.1662   0.92937494 
   71500    78.596874    116.90689    -15.16448   0.92943712 
   71600    78.595715    116.90517   -15.162757    0.9294994 
   71700    78.594555    116.90344   -15.161031   0.92956178 
   71800    78.593394    116.90172   -15.159303   0.92962427 
   71900     78.59223    116.89999   -15.157573   0.92968686 
   72000    78.591065    116.89825   -15.155841   0.92974955 
   72100    78.589899    116.89652   -15.154106   0.92981235 
   72200    78.588731    116.89478   -15.152368   0.92987525 
   72300    78.587562    116.89304   -15.150629   0.92993826 
   72400     78.58639     116.8913   -15.148887   0.93000136 
   72500    78.585218    116.88956   -15.147142   0.93006458 
   72600    78.584043    116.88781   -15.145396   0.93012789 
   72700    78.582867    116.88606   -15.143647    0.9301913 
   72800     78.58169    116.88431   -15.141895   0.93025482 
   72900    78.580511    116.88255   -15.140141   0.93031844 
   73000     78.57933     116.8808   -15.138385   0.93038216 
   73100    78.578148    116.87904   -15.136627   0.93044598 
   73200    78.576964    116.87728   -15.134919   0.93050867 
   73300    78.575779    116.87552   -15.133155   0.93057269 
   73400    78.574592    116.87375    -15.13139   0.93063682 
   73500    78.573404    116.87198   -15.129622   0.93070104 
   73600    78.572213    116.87021     -15.1278    0.9307666 
   73700    78.571022    116.86844   -15.126027   0.93083102 
   73800    78.569829    116.86667   -15.124253   0.93089554 
   73900    78.568634    116.86489   -15.122476   0.93096017 
   74000    78.567438    116.86311   -15.120696   0.93102489 
   74100     78.56624    116.86133   -15.118915   0.93108971 
   74200    78.565041    116.85954   -15.117131   0.93115463 
   74300     78.56384    116.85776   -15.115345   0.93121965 
   74400    78.562637    116.85597   -15.113556   0.93128476 
   74500    78.561433    116.85418   -15.111765   0.93134997 
   74600    78.560228    116.85239   -15.109972   0.93141529 
   74700    78.559021    116.85059   -15.108177   0.93148069 
   74800    78.557812    116.84879   -15.106379    0.9315462 
   74900    78.556602    116.84699   -15.104579    0.9316118 
   75000    78.555391    116.84519   -15.102777    0.9316775 
   75100    78.554177    116.84339   -15.100973   0.93174329 
   75200    78.552963    116.84158   -15.099166   0.93180918 
   75300    78.551747    116.83977   -15.097357   0.93187517 
   75400    78.550529    116.83796   -15.095546   0.93194125 
   75500     78.54931    116.83615   -15.093732   0.93200743 
   75600    78.548089    116.83433   -15.091916    0.9320737 
   75700    78.546867    116.83251   -15.090098   0.93214007 
   75800    78.545643    116.83069   -15.088278   0.93220653 
   75900    78.544418    116.82887   -15.086456   0.93227308 
   76000    78.543191    116.82704   -15.084631   0.93233973 
   76100    78.541963    116.82522   -15.082804   0.93240647 
   76200    78.540733    116.82339   -15.080975   0.93247331 
   76300    78.539502    116.82156   -15.079144   0.93254024 
   76400    78.538269    116.81972    -15.07731   0.93260726 
   76500    78.537035    116.81789   -15.075475   0.93267437 
   76600    78.535799    116.81605   -15.073637   0.93274157 
   76700    78.534562    116.81421   -15.071796   0.93280887 
   76800    78.533324    116.81237   -15.069954   0.93287626 
   76900    78.532084    116.81052    -15.06811   0.93294374 
   77000    78.530842    116.80868   -15.066263   0.93301131 
   77100    78.529599    116.80683   -15.064414   0.93307897 
   77200    78.528355    116.80498   -15.062563   0.93314672 
   77300    78.527109    116.80312    -15.06071   0.93321456 
   77400    78.525861    116.80127   -15.058854    0.9332825 
   77500    78.524612    116.79941   -15.056944   0.93335175 
   77600    78.523362    116.79755   -15.055084   0.93341986 
   77700     78.52211    116.79569   -15.053223   0.93348806 
   77800    78.520857    116.79382   -15.051359   0.93355634 
   77900    78.519602    116.79196   -15.049492   0.93362472 
   78000    78.518346    116.79009   -15.047624   0.93369318 
   78100    78.517089    116.78822   -15.045754   0.93376173 
   78200     78.51583    116.78635   -15.043881   0.93383037 
   78300     78.51457    116.78447   -15.042006   0.93389909 
   78400    78.513308     116.7826   -15.040129   0.93396791 
   78500    78.512045    116.78072   -15.038251    0.9340368 
   78600     78.51078    116.77884   -15.036369   0.93410579 
   78700    78.509514    116.77695   -15.034486   0.93417486 
   78800    78.508246    116.77507   -15.032601   0.93424401 
   78900    78.506977    116.77318   -15.030714   0.93431325 
   79000    78.505707    116.77129   -15.028824   0.93438258 
   79100    78.504436     116.7694   -15.026933   0.93445198 
   79200    78.503162     116.7675   -15.025039   0.93452148 
   79300    78.501888    116.76561   -15.023143   0.93459105 
   79400    78.500612    116.76371   -15.021246   0.93466071 
   79500    78.499335    116.76181   -15.019346   0.93473046 
   79600    78.498056    116.75991   -15.017444   0.93480028 
   79700    78.496776    116.75801    -15.01554   0.93487019 
   79800    78.495495     116.7561   -15.013634   0.93494018 
   79900    78.494212    116.75419   -15.011726   0.93501025 
   80000    78.492928    116.75228   -15.009816    0.9350804 
   80100    78.491643    116.75037   -15.007904   0.93515064 
   80200    78.490356    116.74846    -15.00599   0.93522095 
   80300    78.489067    116.74654   -15.004074   0.93529135 
   80400    78.487778    116.74462   -15.002156   0.93536182 
   80500    78.486487     116.7427   -15.000236   0.93543238 
   80600    78.485195    116.74078   -14.998313   0.93550301 
   80700    78.483901    116.73886   -14.996389   0.93557372 
   80800    78.482606    116.73693   -14.994463   0.93564452 
   80900     78.48131      116.735   -14.992535   0.93571538 
   81000    78.480012    116.73307   -14.990605   0.93578633 
   81100    78.478713    116.73114   -14.988673   0.93585736 
   81200    78.477413     116.7292   -14.986739   0.93592846 
   81300    78.476112    116.72727   -14.984803   0.93599964 
   81400    78.474809    116.72533   -14.982865   0.93607089 
   81500    78.473505    116.72339   -14.980925   0.93614222 
   81600    78.472199    116.72145   -14.978983   0.93621363 
   81700    78.470892    116.71951    -14.97704   0.93628511 
   81800    78.469584    116.71756   -14.975094   0.93635667 
   81900    78.468275    116.71561   -14.973146    0.9364283 
   82000    78.466964    116.71366   -14.971197       0.9365 
   82100    78.465652    116.71171   -14.969245   0.93657178 
   82200    78.464339    116.70976   -14.967292   0.93664363 
   82300    78.463024     116.7078   -14.965337   0.93671556 
   82400    78.461709    116.70585    -14.96338   0.93678756 
   82500    78.460391    116.70389   -14.961421   0.93685963 
   82600    78.459073    116.70193    -14.95946   0.93693177 
   82700    78.457754    116.69996   -14.957497   0.93700398 
   82800    78.456433      116.698   -14.955532   0.93707627 
   82900    78.455111    116.69603   -14.953566   0.93714862 
   83000    78.453787    116.69406   -14.951597   0.93722105 
   83100    78.452463    116.69209   -14.949627   0.93729354 
   83200    78.451137    116.69012   -14.947655   0.93736611 
   83300     78.44981    116.68815   -14.945681   0.93743874 
   83400    78.448482    116.68617   -14.943706   0.93751145 
   83500    78.447152    116.68419   -14.941728   0.93758422 
   83600    78.445821    116.68221   -14.939749   0.93765706 
   83700    78.444489    116.68023   -14.937767   0.93772996 
   83800    78.443156    116.67825   -14.935785   0.93780294 
   83900    78.441822    116.67627     -14.9338   0.93787598 
   84000    78.440486    116.67428   -14.931813   0.93794908 
   84100     78.43915    116.67229   -14.929825   0.93802225 
   84200    78.437812     116.6703   -14.927835   0.93809549 
   84300    78.436473    116.66831   -14.925843   0.93816879 
   84400    78.435132    116.66632   -14.923849   0.93824216 
   84500    78.433791    116.66432   -14.921854   0.93831559 
   84600    78.432448    116.66232   -14.919857   0.93838909 
   84700    78.431104    116.66032   -14.917858   0.93846265 
   84800    78.429759    116.65832   -14.915858   0.93853627 
   84900    78.428413    116.65632   -14.913855   0.93860995 
   85000    78.427066    116.65432   -14.911851    0.9386837 
   85100    78.425718    116.65231   -14.909846   0.93875751 
   85200    78.424368     116.6503   -14.907838   0.93883137 
   85300    78.423017    116.64829   -14.905829    0.9389053 
   85400    78.421665    116.64628   -14.903818   0.93897929 
   85500    78.420312    116.64427   -14.901806   0.93905334 
   85600    78.418958    116.64226   -14.899844   0.93912622 
   85700    78.417603    116.64024   -14.897829   0.93920039 
   85800    78.416247    116.63822   -14.895811   0.93927461 
   85900    78.414889    116.63621   -14.893792    0.9393489 
   86000    78.413531    116.63418   -14.891771   0.93942324 
   86100    78.412171    116.63216   -14.889749   0.93949764 
   86200    78.410811    116.63014   -14.887725    0.9395721 
   86300    78.409449    116.62811     -14.8857   0.93964661 
   86400    78.408086    116.62609   -14.883672   0.93972118 
   86500    78.406722    116.62406   -14.881644    0.9397958 
   86600    78.405357    116.62203   -14.879613   0.93987048 
   86700    78.403991    116.61999   -14.877581   0.93994521 
   86800    78.402624    116.61796   -14.875548      0.94002 
   86900    78.401256    116.61593   -14.873513   0.94009484 
   87000    78.399886    116.61389   -14.871476   0.94016973 
   87100    78.398516    116.61185   -14.869438   0.94024468 
   87200    78.397145    116.60981   -14.867398   0.94031968 
   87300    78.395772    116.60777   -14.865357   0.94039473 
   87400    78.394399    116.60573   -14.863314   0.94046983 
   87500    78.393025    116.60368    -14.86127   0.94054498 
   87600    78.391649    116.60164   -14.859224   0.94062019 
   87700    78.390273    116.59959   -14.857177   0.94069544 
   87800    78.388895    116.59754   -14.855128   0.94077074 
   87900    78.387517    116.59549   -14.853077   0.94084609 
   88000    78.386137    116.59344   -14.851026   0.94092149 
   88100    78.384757    116.59139   -14.848972   0.94099694 
   88200    78.383376    116.58933   -14.846918   0.94107243 
   88300    78.381993    116.58727   -14.844862   0.94114797 
   88400     78.38061    116.58522   -14.842804   0.94122356 
   88500    78.379226    116.58316   -14.840745   0.94129919 
   88600     78.37784     116.5811   -14.838685   0.94137487 
   88700    78.376454    116.57904   -14.836623   0.94145059 
   88800    78.375067    116.57697   -14.834559   0.94152636 
   88900    78.373679    116.57491   -14.832495   0.94160218 
   89000     78.37229    116.57284   -14.830429   0.94167803 
   89100      78.3709    116.57077   -14.828361   0.94175393 
   89200    78.369509    116.56871   -14.826292   0.94182987 
   89300    78.368117    116.56664   -14.824222   0.94190585 
   89400    78.366725    116.56456   -14.822151   0.94198188 
   89500    78.365331    116.56249   -14.820078   0.94205794 
   89600    78.363937    116.56042   -14.818004   0.94213405 
   89700    78.362541    116.55834   -14.815928   0.94221019 
   89800    78.361145    116.55626   -14.813851   0.94228638 
   89900    78.359748    116.55419   -14.811773    0.9423626 
   90000     78.35835    116.55211   -14.809694   0.94243887 
   90100    78.356951    116.55003   -14.807613   0.94251517 
   90200    78.355551    116.54794   -14.805531    0.9425915 
   90300    78.354151    116.54586   -14.803448   0.94266788 
   90400    78.352749    116.54378   -14.801363   0.94274429 
   90500    78.351347    116.54169   -14.799278   0.94282073 
   90600    78.349944     116.5396   -14.797191   0.94289722 
   90700     78.34854    116.53752   -14.795102   0.94297373 
   90800    78.347135    116.53543   -14.793013   0.94305028 
   90900     78.34573    116.53334   -14.790922   0.94312687 
   91000    78.344323    116.53124    -14.78883   0.94320348 
   91100    78.342916    116.52915   -14.786737   0.94328013 
   91200    78.341508    116.52706   -14.784643   0.94335681 
   91300    78.340099    116.52496   -14.782548   0.94343353 
   91400     78.33869    116.52286   -14.780451   0.94351027 
   91500     78.33728    116.52077   -14.778301   0.94358828 
   91600    78.335869    116.51867   -14.776202   0.94366508 
   91700    78.334457    116.51657   -14.774102   0.94374191 
   91800    78.333044    116.51447   -14.772001   0.94381878 
   91900    78.331631    116.51236   -14.769899   0.94389567 
   92000    78.330217    116.51026   -14.767795   0.94397258 
   92100    78.328802    116.50816   -14.765691   0.94404953 
   92200    78.327386    116.50605   -14.763585    0.9441265 
   92300     78.32597    116.50394   -14.761479    0.9442035 
   92400    78.324553    116.50184   -14.759371   0.94428052 
   92500    78.323135    116.49973   -14.757263   0.94435757 
   92600    78.321717    116.49762   -14.755153   0.94443464 
   92700    78.320298    116.49551   -14.753042   0.94451174 
   92800    78.318878     116.4934    -14.75093   0.94458886 
   92900    78.317458    116.49128   -14.748817     0.944666 
   93000    78.316037    116.48917   -14.746704   0.94474316 
   93100    78.314615    116.48705   -14.744589   0.94482035 
   93200    78.313192    116.48494   -14.742473   0.94489755 
   93300    78.311769    116.48282   -14.740356   0.94497478 
   93400    78.310346     116.4807   -14.738239   0.94505202 
   93500    78.308921    116.47859    -14.73612   0.94512929 
   93600    78.307496    116.47647   -14.734001   0.94520657 
   93700    78.306071    116.47435    -14.73188   0.94528388 
   93800    78.304644    116.47222   -14.729759   0.94536119 
   93900    78.303218     116.4701   -14.727636   0.94543853 
   94000     78.30179    116.46798   -14.725513   0.94551588 
   94100    78.300362    116.46585   -14.723389   0.94559325 
   94200    78.298933    116.46373   -14.721264   0.94567063 
   94300    78.297504     116.4616   -14.719138   0.94574803 
   94400    78.296075    116.45948   -14.717012   0.94582544 
   94500    78.294644    116.45735   -14.714884   0.94590287 
   94600    78.293213    116.45522   -14.712756   0.94598031 
   94700    78.291782    116.45309   -14.710627   0.94605775 
   94800     78.29035    116.45096   -14.708497   0.94613522 
   94900    78.288917    116.44883   -14.706366   0.94621269 
   95000    78.287484     116.4467   -14.704234   0.94629017 
   95100    78.286051    116.44457   -14.702102   0.94636766 
   95200    78.284617    116.44243   -14.699969   0.94644516 
   95300    78.283182     116.4403   -14.697835   0.94652267 
   95400    78.281747    116.43817   -14.695701   0.94660019 
   95500    78.280312    116.43603   -14.693618   0.94667648 
   95600    78.278876    116.43389   -14.691482   0.94675401 
   95700    78.277439    116.43176   -14.689345   0.94683155 
   95800    78.276002    116.42962   -14.687208   0.94690909 
   95900    78.274565    116.42748    -14.68507   0.94698664 
   96000    78.273127    116.42534   -14.682931   0.94706419 
   96100    78.271688     116.4232   -14.680791   0.94714175 
   96200     78.27025    116.42106   -14.678651   0.94721931 
   96300     78.26881    116.41892   -14.676511   0.94729687 
   96400    78.267371    116.41678   -14.674369   0.94737443 
   96500    78.265931    116.41464   -14.672228     0.947452 
   96600     78.26449     116.4125   -14.670085   0.94752956 
   96700     78.26305    116.41036   -14.667942   0.94760712 
   96800    78.261608    116.40821   -14.665798   0.94768469 
   96900    78.260167    116.40607   -14.663654   0.94776225 
   97000    78.258725    116.40392   -14.661509   0.94783981 
   97100    78.257283    116.40178   -14.659364   0.94791737 
   97200     78.25584    116.39963   -14.657218   0.94799492 
   97300    78.254397    116.39748   -14.655072   0.94807247 
   97400    78.252954    116.39534   -14.652925   0.94815002 
   97500     78.25151    116.39319   -14.650778   0.94822756 
   97600    78.250066    116.39104    -14.64863   0.94830509 
   97700    78.248622    116.38889   -14.646481   0.94838262 
   97800    78.247177    116.38675   -14.644333   0.94846014 
   97900    78.245732     116.3846   -14.642183   0.94853765 
   98000    78.244287    116.38245   -14.640034   0.94861515 
   98100    78.242841     116.3803   -14.637884   0.94869265 
   98200    78.241396    116.37815   -14.635733   0.94877014 
   98300     78.23995      116.376   -14.633582   0.94884761 
   98400    78.238503    116.37384   -14.631431   0.94892507 
   98500    78.237057    116.37169    -14.62928   0.94900253 
   98600     78.23561    116.36954   -14.627128   0.94907997 
   98700    78.234163    116.36739   -14.624975   0.94915739 
   98800    78.232716    116.36524   -14.622823   0.94923481 
   98900    78.231268    116.36308    -14.62067   0.94931221 
   99000    78.229821    116.36093   -14.618516   0.94938959 
   99100    78.228373    116.35878   -14.616363   0.94946696 
   99200    78.226925    116.35662   -14.614209   0.94954431 
   99300    78.225477    116.35447   -14.612055   0.94962165 
   99400    78.224028    116.35231   -14.609901   0.94969896 
   99500     78.22258    116.35016   -14.607746   0.94977626 
   99600    78.221131      116.348   -14.605591   0.94985354 
   99700    78.219682    116.34585   -14.603436    0.9499308 
   99800    78.218233    116.34369   -14.601281   0.95000804 
   99900    78.216784    116.34154   -14.599125   0.95008526 
  100000    78.215335    116.33938    -14.59697   0.95016246 
