#Step Temp KinEng PotEng Press 
       0           82    121.96879    -15.76389   0.95134572 
     100    81.999999    121.96878   -15.763889   0.95131865 
     200    81.999997    121.96878   -15.763886   0.95129171 
     300    81.999993    121.96878    -15.76388   0.95126489 
     400    81.999988    121.96877   -15.763872    0.9512382 
     500    81.999981    121.96876   -15.763862   0.95121164 
     600    81.999973    121.96874   -15.763849   0.95118521 
     700    81.999962    121.96873   -15.763834   0.95115891 
     800    81.999951    121.96871   -15.763817   0.95113274 
     900    81.999938    121.96869   -15.763797    0.9511067 
    1000    81.999923    121.96867   -15.763775   0.95108078 
    1100    81.999906    121.96865   -15.763751   0.95105499 
    1200    81.999889    121.96862   -15.763724   0.95102934 
    1300    81.999869    121.96859   -15.763695   0.95100381 
    1400    81.999848    121.96856   -15.763664   0.95097841 
    1500    81.999825    121.96853    -15.76363   0.95095314 
    1600    81.999801    121.96849   -15.763594   0.95092799 
    1700    81.999775    121.96845   -15.763556   0.95090298 
    1800    81.999748    121.96841   -15.763515    0.9508781 
    1900    81.999719    121.96837   -15.763472   0.95085334 
    2000    81.999689    121.96832   -15.763427   0.95082871 
    2100    81.999657    121.96828    -15.76338   0.95080421 
    2200    81.999623    121.96823    -15.76333   0.95077984 
    2300    81.999588    121.96817   -15.763277    0.9507556 
    2400    81.999551    121.96812   -15.763223   0.95073149 
    2500    81.999513    121.96806   -15.763166   0.95070751 
    2600    81.999473      121.968   -15.763106   0.95068365 
    2700    81.999432    121.96794   -15.763045   0.95065993 
    2800    81.999389    121.96788   -15.762981   0.95063633 
    2900    81.999344    121.96781   -15.762915   0.95061286 
    3000    81.999298    121.96774   -15.762846   0.95058952 
    3100     81.99925    121.96767   -15.762775   0.95056631 
    3200    81.999201     121.9676   -15.762702   0.95054323 
    3300     81.99915    121.96752   -15.762626   0.95052028 
    3400    81.999098    121.96744   -15.762548   0.95049745 
    3500    81.999044    121.96736   -15.762468   0.95047476 
    3600    81.998988    121.96728   -15.762385   0.95045219 
    3700    81.998931     121.9672   -15.762301   0.95042975 
    3800    81.998873    121.96711   -15.762213   0.95040744 
    3900    81.998812    121.96702   -15.762124   0.95038526 
    4000    81.998751    121.96693   -15.762032   0.95036321 
    4100    81.998687    121.96683   -15.761938   0.95034129 
    4200    81.998622    121.96674   -15.761841    0.9503195 
    4300    81.998556    121.96664   -15.761742   0.95029783 
    4400    81.998488    121.96654   -15.761641    0.9502763 
    4500    81.998418    121.96643   -15.761537   0.95025489 
    4600    81.998347    121.96633   -15.761431   0.95023361 
    4700    81.998274    121.96622   -15.761323   0.95021246 
    4800      81.9982    121.96611   -15.761213   0.95019144 
    4900    81.998124      121.966     -15.7611   0.95017055 
    5000    81.998047    121.96588   -15.760985   0.95014979 
    5100    81.997968    121.96576   -15.760867   0.95012915 
    5200    81.997887    121.96564   -15.760747   0.95010865 
    5300    81.997805    121.96552   -15.760625   0.95008827 
    5400    81.997721     121.9654   -15.760501   0.95006803 
    5500    81.997636    121.96527   -15.760374   0.95004791 
    5600    81.997549    121.96514   -15.760244   0.95002792 
    5700    81.997461    121.96501   -15.760113   0.95000806 
    5800    81.997371    121.96487   -15.759979   0.94998833 
    5900    81.997279    121.96474   -15.759843   0.94996872 
    6000    81.997186     121.9646   -15.759704   0.94994925 
    6100    81.997091    121.96446   -15.759564   0.94992991 
    6200    81.996995    121.96432    -15.75942   0.94991069 
    6300    81.996897    121.96417   -15.759275    0.9498916 
    6400    81.996798    121.96402   -15.759127   0.94987265 
    6500    81.996697    121.96387   -15.758977   0.94985382 
    6600    81.996594    121.96372   -15.758824   0.94983512 
    6700     81.99649    121.96357    -15.75867   0.94981655 
    6800    81.996385    121.96341   -15.758512   0.94979811 
    6900    81.996277    121.96325   -15.758353   0.94977979 
    7000    81.996169    121.96309   -15.758191   0.94976161 
    7100    81.996058    121.96292   -15.758027   0.94974356 
    7200    81.995946    121.96276   -15.757861   0.94972563 
    7300    81.995833    121.96259   -15.757692   0.94970783 
    7400    81.995718    121.96242   -15.757521   0.94969017 
    7500    81.995601    121.96224   -15.757347   0.94967263 
    7600    81.995483    121.96207   -15.757171   0.94965522 
    7700    81.995363    121.96189   -15.756993   0.94963794 
    7800    81.995242    121.96171   -15.756813   0.94962079 
    7900    81.995119    121.96153    -15.75663   0.94960377 
    8000    81.994994    121.96134   -15.756445   0.94958687 
    8100    81.994868    121.96115   -15.756257   0.94957011 
    8200    81.994741    121.96096   -15.756067   0.94955347 
    8300    81.994612    121.96077   -15.755875   0.94953697 
    8400    81.994481    121.96058   -15.755681   0.94952059 
    8500    81.994349    121.96038   -15.755484   0.94950434 
    8600    81.994215    121.96018   -15.755285   0.94948823 
    8700    81.994079    121.95998   -15.755083   0.94947224 
    8800    81.993942    121.95978    -15.75488   0.94945638 
    8900    81.993804    121.95957   -15.754673   0.94944065 
    9000    81.993663    121.95936   -15.754465   0.94942504 
    9100    81.993522    121.95915   -15.754254   0.94940957 
    9200    81.993378    121.95894   -15.754041   0.94939423 
    9300    81.993234    121.95872   -15.753826   0.94937901 
    9400    81.993087     121.9585   -15.753608   0.94936393 
    9500    81.992939    121.95828   -15.753388   0.94934897 
    9600     81.99279    121.95806   -15.753165   0.94933415 
    9700    81.992638    121.95784    -15.75294   0.94931945 
    9800    81.992486    121.95761   -15.752765   0.94930365 
    9900    81.992331    121.95738   -15.752536   0.94928921 
   10000    81.992175    121.95715   -15.752304    0.9492749 
   10100    81.992018    121.95691    -15.75207   0.94926072 
   10200    81.991859    121.95668   -15.751833   0.94924667 
   10300    81.991698    121.95644   -15.751595   0.94923275 
   10400    81.991536     121.9562   -15.751353   0.94921896 
   10500    81.991373    121.95595    -15.75111   0.94920529 
   10600    81.991207    121.95571   -15.750864   0.94919176 
   10700     81.99104    121.95546   -15.750616   0.94917836 
   10800    81.990872    121.95521   -15.750365   0.94916508 
   10900    81.990702    121.95496   -15.750112   0.94915193 
   11000     81.99053     121.9547   -15.749857   0.94913892 
   11100    81.990357    121.95444     -15.7496   0.94912603 
   11200    81.990182    121.95418    -15.74934   0.94911327 
   11300    81.990006    121.95392   -15.749077   0.94910065 
   11400    81.989828    121.95366   -15.748813   0.94908815 
   11500    81.989649    121.95339   -15.748546   0.94907578 
   11600    81.989468    121.95312   -15.748277   0.94906354 
   11700    81.989285    121.95285   -15.748005   0.94905143 
   11800    81.989101    121.95257   -15.747731   0.94903945 
   11900    81.988915     121.9523   -15.747455    0.9490276 
   12000    81.988728    121.95202   -15.747176   0.94901587 
   12100    81.988539    121.95174   -15.746895   0.94900428 
   12200    81.988349    121.95145   -15.746612   0.94899282 
   12300    81.988156    121.95117   -15.746326   0.94898148 
   12400    81.987963    121.95088   -15.746038   0.94897028 
   12500    81.987768    121.95059   -15.745748   0.94895921 
   12600    81.987571     121.9503   -15.745455   0.94894826 
   12700    81.987372       121.95    -15.74516   0.94893745 
   12800    81.987172    121.94971   -15.744863   0.94892676 
   12900    81.986971    121.94941   -15.744563    0.9489162 
   13000    81.986768     121.9491   -15.744261   0.94890578 
   13100    81.986563     121.9488   -15.743956   0.94889548 
   13200    81.986357    121.94849   -15.743649   0.94888531 
   13300    81.986149    121.94818    -15.74334   0.94887527 
   13400     81.98594    121.94787   -15.743029   0.94886537 
   13500    81.985729    121.94756   -15.742767   0.94885436 
   13600    81.985516    121.94724   -15.742451   0.94884471 
   13700    81.985302    121.94692   -15.742133   0.94883519 
   13800    81.985086     121.9466   -15.741812    0.9488258 
   13900    81.984869    121.94628   -15.741489   0.94881654 
   14000     81.98465    121.94595   -15.741163   0.94880741 
   14100     81.98443    121.94563   -15.740835   0.94879841 
   14200    81.984208     121.9453   -15.740505   0.94878954 
   14300    81.983984    121.94496   -15.740172    0.9487808 
   14400    81.983759    121.94463   -15.739837   0.94877219 
   14500    81.983532    121.94429     -15.7395    0.9487637 
   14600    81.983303    121.94395    -15.73916   0.94875535 
   14700    81.983074    121.94361   -15.738818   0.94874713 
   14800    81.982842    121.94326   -15.738474   0.94873904 
   14900    81.982609    121.94292   -15.738127   0.94873108 
   15000    81.982374    121.94257   -15.737778   0.94872325 
   15100    81.982138    121.94222   -15.737426   0.94871554 
   15200      81.9819    121.94186   -15.737072   0.94870797 
   15300     81.98166    121.94151   -15.736716   0.94870053 
   15400    81.981419    121.94115   -15.736358   0.94869322 
   15500    81.981177    121.94079   -15.735997   0.94868603 
   15600    81.980933    121.94042   -15.735634   0.94867898 
   15700    81.980687    121.94006   -15.735268   0.94867206 
   15800    81.980439    121.93969     -15.7349   0.94866527 
   15900     81.98019    121.93932    -15.73453    0.9486586 
   16000     81.97994    121.93895   -15.734157   0.94865207 
   16100    81.979688    121.93857   -15.733782   0.94864567 
   16200    81.979434     121.9382   -15.733404    0.9486394 
   16300    81.979179    121.93782   -15.733025   0.94863325 
   16400    81.978922    121.93743   -15.732642   0.94862724 
   16500    81.978663    121.93705   -15.732258   0.94862136 
   16600    81.978403    121.93666   -15.731871   0.94861561 
   16700    81.978141    121.93627   -15.731482   0.94860998 
   16800    81.977878    121.93588    -15.73109   0.94860449 
   16900    81.977613    121.93549   -15.730696   0.94859913 
   17000    81.977347    121.93509     -15.7303    0.9485939 
   17100    81.977079    121.93469   -15.729901    0.9485888 
   17200    81.976809    121.93429     -15.7295   0.94858382 
   17300    81.976538    121.93389   -15.729097   0.94857898 
   17400    81.976265    121.93348   -15.728691   0.94857427 
   17500    81.975991    121.93307   -15.728283   0.94856969 
   17600    81.975715    121.93266   -15.727872   0.94856524 
   17700    81.975437    121.93225   -15.727459   0.94856092 
   17800    81.975158    121.93183   -15.727044   0.94855673 
   17900    81.974877    121.93142   -15.726626   0.94855267 
   18000    81.974595      121.931   -15.726206   0.94854874 
   18100    81.974311    121.93057   -15.725784   0.94854494 
   18200    81.974025    121.93015   -15.725359   0.94854127 
   18300    81.973738    121.92972   -15.724932   0.94853773 
   18400    81.973449    121.92929   -15.724502   0.94853433 
   18500    81.973159    121.92886    -15.72407   0.94853105 
   18600    81.972867    121.92843   -15.723636    0.9485279 
   18700    81.972573    121.92799   -15.723199   0.94852488 
   18800    81.972278    121.92755    -15.72276     0.948522 
   18900    81.971981    121.92711   -15.722319   0.94851924 
   19000    81.971683    121.92667   -15.721875   0.94851662 
   19100    81.971383    121.92622   -15.721429   0.94851412 
   19200    81.971081    121.92577   -15.720981   0.94851176 
   19300    81.970778    121.92532    -15.72053   0.94850952 
   19400    81.970473    121.92487   -15.720076   0.94850742 
   19500    81.970167    121.92441   -15.719621   0.94850545 
   19600    81.969859    121.92395   -15.719162    0.9485036 
   19700    81.969549    121.92349   -15.718702   0.94850189 
   19800    81.969238    121.92303   -15.718239   0.94850031 
   19900    81.968926    121.92256   -15.717774   0.94849886 
   20000    81.968611     121.9221   -15.717306   0.94849754 
   20100    81.968295    121.92163   -15.716836   0.94849635 
   20200    81.967978    121.92115   -15.716364   0.94849529 
   20300    81.967658    121.92068   -15.715889   0.94849436 
   20400    81.967338     121.9202   -15.715412   0.94849357 
   20500    81.967015    121.91972   -15.714933    0.9484929 
   20600    81.966691    121.91924   -15.714451   0.94849237 
   20700    81.966366    121.91876   -15.713966   0.94849196 
   20800    81.966038    121.91827    -15.71348   0.94849169 
   20900     81.96571    121.91778    -15.71299   0.94849154 
   21000    81.965379    121.91729   -15.712499   0.94849153 
   21100    81.965047     121.9168   -15.712005   0.94849165 
   21200    81.964713     121.9163   -15.711509    0.9484919 
   21300    81.964378     121.9158    -15.71101   0.94849228 
   21400    81.964041     121.9153   -15.710509   0.94849279 
   21500    81.963703     121.9148   -15.710006   0.94849343 
   21600    81.963363    121.91429     -15.7095    0.9484942 
   21700    81.963021    121.91378   -15.708991   0.94849511 
   21800    81.962678    121.91327   -15.708481   0.94849614 
   21900    81.962333    121.91276   -15.707968   0.94849731 
   22000    81.961986    121.91224   -15.707452   0.94849861 
   22100    81.961638    121.91173   -15.706934   0.94850003 
   22200    81.961288     121.9112   -15.706414   0.94850159 
   22300    81.960937    121.91068   -15.705891   0.94850328 
   22400    81.960584    121.91016   -15.705366    0.9485051 
   22500    81.960229    121.90963   -15.704839   0.94850705 
   22600    81.959873     121.9091   -15.704309   0.94850914 
   22700    81.959515    121.90857   -15.703777   0.94851135 
   22800    81.959156    121.90803   -15.703242    0.9485137 
   22900    81.958795     121.9075   -15.702705   0.94851617 
   23000    81.958432    121.90696   -15.702165   0.94851878 
   23100    81.958067    121.90641   -15.701623   0.94852152 
   23200    81.957702    121.90587   -15.701079   0.94852439 
   23300    81.957334    121.90532   -15.700532   0.94852739 
   23400    81.956965    121.90477   -15.699983   0.94853052 
   23500    81.956594    121.90422   -15.699432   0.94853379 
   23600    81.956222    121.90367   -15.698878   0.94853718 
   23700    81.955847    121.90311   -15.698321   0.94854071 
   23800    81.955472    121.90255   -15.697763   0.94854437 
   23900    81.955094    121.90199   -15.697201   0.94854816 
   24000    81.954716    121.90143   -15.696638   0.94855208 
   24100    81.954335    121.90086   -15.696072   0.94855613 
   24200    81.953953    121.90029   -15.695503   0.94856031 
   24300    81.953569    121.89972   -15.694932   0.94856463 
   24400    81.953184    121.89915   -15.694359   0.94856907 
   24500    81.952797    121.89857   -15.693783   0.94857365 
   24600    81.952408      121.898   -15.693205   0.94857836 
   24700    81.952018    121.89742   -15.692625    0.9485832 
   24800    81.951626    121.89683   -15.692042   0.94858817 
   24900    81.951232    121.89625   -15.691456   0.94859328 
   25000    81.950837    121.89566   -15.690868   0.94859851 
   25100     81.95044    121.89507   -15.690278   0.94860388 
   25200    81.950042    121.89448   -15.689685   0.94860938 
   25300    81.949641    121.89388    -15.68909   0.94861501 
   25400     81.94924    121.89328   -15.688493   0.94862077 
   25500    81.948836    121.89268   -15.687893   0.94862666 
   25600    81.948431    121.89208    -15.68729   0.94863269 
   25700    81.948025    121.89148   -15.686686   0.94863885 
   25800    81.947616    121.89087   -15.686078   0.94864513 
   25900    81.947207    121.89026   -15.685469   0.94865156 
   26000    81.946795    121.88965   -15.684857   0.94865811 
   26100    81.946382    121.88903   -15.684242   0.94866479 
   26200    81.945967    121.88842   -15.683625   0.94867161 
   26300    81.945551     121.8878   -15.683006   0.94867855 
   26400    81.945133    121.88717   -15.682384   0.94868563 
   26500    81.944713    121.88655   -15.681759   0.94869284 
   26600    81.944291    121.88592   -15.681133   0.94870019 
   26700    81.943868    121.88529   -15.680503   0.94870766 
   26800    81.943444    121.88466   -15.679872   0.94871527 
   26900    81.943018    121.88403   -15.679238   0.94872301 
   27000     81.94259    121.88339   -15.678601   0.94873088 
   27100     81.94216    121.88275   -15.677962   0.94873888 
   27200    81.941729    121.88211   -15.677321   0.94874702 
   27300    81.941296    121.88147   -15.676677   0.94875528 
   27400    81.940861    121.88082   -15.676031   0.94876368 
   27500    81.940425    121.88017   -15.675382   0.94877221 
   27600    81.939988    121.87952   -15.674731   0.94878088 
   27700    81.939548    121.87887   -15.674077   0.94878967 
   27800    81.939107    121.87821   -15.673421    0.9487986 
   27900    81.938664    121.87755   -15.672763   0.94880766 
   28000     81.93822    121.87689   -15.672102   0.94881685 
   28100    81.937774    121.87623   -15.671438   0.94882617 
   28200    81.937326    121.87556   -15.670772   0.94883563 
   28300    81.936877    121.87489   -15.670104   0.94884521 
   28400    81.936426    121.87422   -15.669433   0.94885493 
   28500    81.935973    121.87355    -15.66876   0.94886479 
   28600    81.935519    121.87287   -15.668084   0.94887477 
   28700    81.935063     121.8722   -15.667406   0.94888489 
   28800    81.934605    121.87152   -15.666725   0.94889514 
   28900    81.934146    121.87083   -15.666042   0.94890552 
   29000    81.933685    121.87015   -15.665357   0.94891603 
   29100    81.933223    121.86946   -15.664669   0.94892668 
   29200    81.932758    121.86877   -15.663978   0.94893746 
   29300    81.932293    121.86808   -15.663285   0.94894837 
   29400    81.931825    121.86738    -15.66259   0.94895941 
   29500    81.931356    121.86668   -15.661892   0.94897059 
   29600    81.930885    121.86598   -15.661192    0.9489819 
   29700    81.930412    121.86528   -15.660489   0.94899334 
   29800    81.929938    121.86457   -15.659783   0.94900491 
   29900    81.929462    121.86387   -15.659076   0.94901662 
   30000    81.928985    121.86316   -15.658365   0.94902845 
   30100    81.928506    121.86244   -15.657653   0.94904042 
   30200    81.928025    121.86173   -15.656937   0.94905253 
   30300    81.927542    121.86101    -15.65622   0.94906476 
   30400    81.927058    121.86029     -15.6555   0.94907713 
   30500    81.926572    121.85957   -15.654777   0.94908963 
   30600    81.926085    121.85884   -15.654052   0.94910227 
   30700    81.925596    121.85812   -15.653324   0.94911503 
   30800    81.925105    121.85739   -15.652594   0.94912793 
   30900    81.924613    121.85665   -15.651862   0.94914096 
   31000    81.924118    121.85592   -15.651127   0.94915413 
   31100    81.923623    121.85518   -15.650389   0.94916743 
   31200    81.923125    121.85444   -15.649649   0.94918086 
   31300    81.922626     121.8537   -15.648907   0.94919442 
   31400    81.922125    121.85295   -15.648162   0.94920812 
   31500    81.921623    121.85221   -15.647414   0.94922194 
   31600    81.921118    121.85146   -15.646664   0.94923591 
   31700    81.920613     121.8507   -15.645912      0.94925 
   31800    81.920105    121.84995   -15.645157   0.94926423 
   31900    81.919596    121.84919     -15.6444   0.94927859 
   32000    81.919085    121.84843    -15.64364   0.94929308 
   32100    81.918572    121.84767   -15.642877    0.9493077 
   32200    81.918058     121.8469   -15.642113   0.94932246 
   32300    81.917542    121.84614   -15.641345   0.94933736 
   32400    81.917025    121.84537   -15.640575   0.94935238 
   32500    81.916505    121.84459   -15.639803   0.94936754 
   32600    81.915984    121.84382   -15.639028   0.94938283 
   32700    81.915462    121.84304   -15.638251   0.94939825 
   32800    81.914937    121.84226   -15.637471   0.94941381 
   32900    81.914411    121.84148   -15.636688    0.9494295 
   33000    81.913884    121.84069   -15.635903   0.94944532 
   33100    81.913354    121.83991   -15.635116   0.94946128 
   33200    81.912823    121.83912   -15.634326   0.94947737 
   33300    81.912291    121.83832   -15.633534   0.94949359 
   33400    81.911756    121.83753   -15.632739   0.94950994 
   33500     81.91122    121.83673   -15.631941   0.94952643 
   33600    81.910682    121.83593   -15.631141   0.94954305 
   33700    81.910143    121.83513   -15.630339   0.94955981 
   33800    81.909602    121.83432   -15.629534    0.9495767 
   33900    81.909059    121.83352   -15.628727   0.94959372 
   34000    81.908514    121.83271   -15.627917   0.94961087 
   34100    81.907968    121.83189   -15.627104   0.94962816 
   34200     81.90742    121.83108   -15.626289   0.94964558 
   34300     81.90687    121.83026   -15.625472   0.94966313 
   34400    81.906319    121.82944   -15.624652   0.94968082 
   34500    81.905766    121.82862   -15.623829   0.94969864 
   34600    81.905211    121.82779   -15.623004    0.9497166 
   34700    81.904655    121.82697   -15.622176   0.94973469 
   34800    81.904097    121.82614   -15.621346   0.94975291 
   34900    81.903537     121.8253   -15.620513   0.94977126 
   35000    81.902975    121.82447   -15.619678   0.94978975 
   35100    81.902412    121.82363   -15.618841   0.94980837 
   35200    81.901847    121.82279      -15.618   0.94982712 
   35300    81.901281    121.82195   -15.617157   0.94984601 
   35400    81.900712     121.8211   -15.616312   0.94986503 
   35500    81.900142    121.82026   -15.615464   0.94988419 
   35600    81.899571     121.8194   -15.614614   0.94990348 
   35700    81.898997    121.81855   -15.613761    0.9499229 
   35800    81.898422     121.8177   -15.612906   0.94994246 
   35900    81.897845    121.81684   -15.612048   0.94996215 
   36000    81.897267    121.81598   -15.611187   0.94998197 
   36100    81.896687    121.81511   -15.610324   0.95000192 
   36200    81.896105    121.81425   -15.609459   0.95002201 
   36300    81.895521    121.81338    -15.60859   0.95004224 
   36400    81.894936    121.81251    -15.60772   0.95006259 
   36500    81.894349    121.81164   -15.606847   0.95008309 
   36600     81.89376    121.81076   -15.605971   0.95010371 
   36700    81.893169    121.80988   -15.605092   0.95012447 
   36800    81.892577      121.809   -15.604212   0.95014536 
   36900    81.891983    121.80812   -15.603328   0.95016639 
   37000    81.891388    121.80723   -15.602442   0.95018754 
   37100     81.89079    121.80634   -15.601554   0.95020884 
   37200    81.890191    121.80545   -15.600663   0.95023026 
   37300    81.889591    121.80456   -15.599769   0.95025182 
   37400    81.888988    121.80366   -15.598873   0.95027352 
   37500    81.888384    121.80277   -15.597974   0.95029535 
   37600    81.887778    121.80186   -15.597073   0.95031731 
   37700     81.88717    121.80096   -15.596169    0.9503394 
   37800    81.886561    121.80005   -15.595263   0.95036163 
   37900     81.88595    121.79914   -15.594354   0.95038399 
   38000    81.885337    121.79823   -15.593443   0.95040649 
   38100    81.884723    121.79732   -15.592529   0.95042912 
   38200    81.884106     121.7964   -15.591612   0.95045189 
   38300    81.883488    121.79548   -15.590693   0.95047478 
   38400    81.882869    121.79456   -15.589771   0.95049782 
   38500    81.882247    121.79364   -15.588847   0.95052098 
   38600    81.881624    121.79271    -15.58792   0.95054428 
   38700    81.880999    121.79178   -15.586991   0.95056772 
   38800    81.880373    121.79085   -15.586059   0.95059128 
   38900    81.879745    121.78991   -15.585124   0.95061499 
   39000    81.879114    121.78898   -15.584187   0.95063882 
   39100    81.878483    121.78804   -15.583247   0.95066279 
   39200    81.877849     121.7871   -15.582305   0.95068689 
   39300    81.877214    121.78615    -15.58136   0.95071113 
   39400    81.876577     121.7852   -15.580413    0.9507355 
   39500    81.875938    121.78425   -15.579463   0.95076001 
   39600    81.875298     121.7833    -15.57851   0.95078465 
   39700    81.874656    121.78235   -15.577555   0.95080942 
   39800    81.874012    121.78139   -15.576597   0.95083433 
   39900    81.873366    121.78043   -15.575637   0.95085937 
   40000    81.872719    121.77946   -15.574674   0.95088454 
   40100     81.87207     121.7785   -15.573709   0.95090985 
   40200    81.871419    121.77753   -15.572741    0.9509353 
   40300    81.870767    121.77656    -15.57177   0.95096087 
   40400    81.870112    121.77559   -15.570797   0.95098659 
   40500    81.869456    121.77461   -15.569821   0.95101243 
   40600    81.868798    121.77363   -15.568842   0.95103841 
   40700    81.868139    121.77265   -15.567862   0.95106452 
   40800    81.867478    121.77167   -15.566878   0.95109077 
   40900    81.866815    121.77068   -15.565892   0.95111715 
   41000     81.86615    121.76969   -15.564903   0.95114367 
   41100    81.865483     121.7687   -15.563912   0.95117032 
   41200    81.864815    121.76771   -15.562918    0.9511971 
   41300    81.864145    121.76671   -15.561921   0.95122402 
   41400    81.863474    121.76571   -15.560922   0.95125107 
   41500      81.8628    121.76471    -15.55992   0.95127826 
   41600    81.862125    121.76371   -15.558916   0.95130558 
   41700    81.861448     121.7627   -15.557909   0.95133303 
   41800    81.860769    121.76169     -15.5569   0.95136062 
   41900    81.860089    121.76068   -15.555887   0.95138834 
   42000    81.859407    121.75966   -15.554873    0.9514162 
   42100    81.858723    121.75865   -15.553855   0.95144419 
   42200    81.858037    121.75763   -15.552835   0.95147232 
   42300    81.857349     121.7566   -15.551813   0.95150058 
   42400     81.85666    121.75558   -15.550788   0.95152897 
   42500    81.855969    121.75455    -15.54976    0.9515575 
   42600    81.855276    121.75352    -15.54873   0.95158616 
   42700    81.854582    121.75249   -15.547697   0.95161495 
   42800    81.853886    121.75145   -15.546661   0.95164388 
   42900    81.853188    121.75041   -15.545623   0.95167295 
   43000    81.852488    121.74937   -15.544582   0.95170215 
   43100    81.851787    121.74833   -15.543539   0.95173148 
   43200    81.851083    121.74728   -15.542493   0.95176094 
   43300    81.850378    121.74623   -15.541444   0.95179055 
   43400    81.849672    121.74518   -15.540393   0.95182028 
   43500    81.848963    121.74413   -15.539339   0.95185015 
   43600    81.848253    121.74307   -15.538282   0.95188015 
   43700    81.847541    121.74201   -15.537223   0.95191029 
   43800    81.846827    121.74095   -15.536161   0.95194056 
   43900    81.846111    121.73989   -15.535097   0.95197097 
   44000    81.845394    121.73882    -15.53403    0.9520015 
   44100    81.844675    121.73775    -15.53296   0.95203218 
   44200    81.843954    121.73668   -15.531888   0.95206299 
   44300    81.843231     121.7356   -15.530813   0.95209393 
   44400    81.842507    121.73453   -15.529736     0.952125 
   44500    81.841781    121.73345   -15.528656   0.95215621 
   44600    81.841053    121.73236   -15.527573   0.95218756 
   44700    81.840323    121.73128   -15.526487   0.95221904 
   44800    81.839592    121.73019   -15.525399   0.95225065 
   44900    81.838858     121.7291   -15.524309    0.9522824 
   45000    81.838123    121.72801   -15.523216   0.95231428 
   45100    81.837386    121.72691    -15.52212   0.95234629 
   45200    81.836648    121.72581   -15.521021   0.95237844 
   45300    81.835908    121.72471    -15.51992   0.95241072 
   45400    81.835165    121.72361   -15.518816   0.95244314 
   45500    81.834422     121.7225    -15.51771   0.95247569 
   45600    81.833676    121.72139     -15.5166   0.95250838 
   45700    81.832928    121.72028   -15.515489   0.95254119 
   45800    81.832179    121.71917   -15.514374   0.95257415 
   45900    81.831428    121.71805   -15.513257   0.95260723 
   46000    81.830676    121.71693   -15.512138   0.95264046 
   46100    81.829921    121.71581   -15.511015   0.95267381 
   46200    81.829165    121.71468    -15.50989    0.9527073 
   46300    81.828407    121.71355   -15.508763   0.95274092 
   46400    81.827647    121.71242   -15.507632   0.95277468 
   46500    81.826885    121.71129     -15.5065   0.95280857 
   46600    81.826122    121.71015   -15.505364    0.9528426 
   46700    81.825356    121.70902   -15.504226   0.95287676 
   46800    81.824589    121.70788   -15.503085   0.95291105 
   46900    81.823821    121.70673   -15.501942   0.95294548 
   47000     81.82305    121.70559   -15.500795   0.95298004 
   47100    81.822278    121.70444   -15.499647   0.95301473 
   47200    81.821504    121.70329   -15.498495   0.95304956 
   47300    81.820728    121.70213   -15.497341   0.95308452 
   47400     81.81995    121.70097   -15.496184   0.95311962 
   47500    81.819171    121.69982   -15.495025   0.95315485 
   47600    81.818389    121.69865   -15.493863   0.95319021 
   47700    81.817606    121.69749   -15.492698   0.95322571 
   47800    81.816821    121.69632   -15.491531   0.95326134 
   47900    81.816035    121.69515   -15.490361   0.95329711 
   48000    81.815246    121.69398   -15.489188   0.95333301 
   48100    81.814456     121.6928   -15.488012   0.95336904 
   48200    81.813664    121.69163   -15.486834    0.9534052 
   48300     81.81287    121.69044   -15.485654    0.9534415 
   48400    81.812075    121.68926    -15.48447   0.95347794 
   48500    81.811277    121.68808   -15.483284   0.95351451 
   48600    81.810478    121.68689   -15.482096   0.95355121 
   48700    81.809677     121.6857   -15.480904   0.95358804 
   48800    81.808875     121.6845    -15.47971   0.95362501 
   48900     81.80807     121.6833   -15.478514   0.95366211 
   49000    81.807264     121.6821   -15.477314   0.95369935 
   49100    81.806456     121.6809   -15.476112   0.95373672 
   49200    81.805646     121.6797   -15.474908   0.95377422 
   49300    81.804834    121.67849     -15.4737   0.95381186 
   49400     81.80402    121.67728    -15.47249   0.95384963 
   49500    81.803205    121.67607   -15.471277   0.95388753 
   49600    81.802388    121.67485   -15.470062   0.95392557 
   49700    81.801569    121.67363   -15.468844   0.95396374 
   49800    81.800748    121.67241   -15.467623   0.95400204 
   49900    81.799926    121.67119     -15.4664   0.95404048 
   50000    81.799102    121.66996   -15.465174   0.95407905 
   50100    81.798275    121.66874   -15.463945   0.95411775 
   50200    81.797448     121.6675   -15.462714   0.95415659 
   50300    81.796618    121.66627   -15.461479   0.95419556 
   50400    81.795786    121.66503   -15.460243   0.95423466 
   50500    81.794953    121.66379   -15.459003    0.9542739 
   50600    81.794118    121.66255   -15.457761   0.95431326 
   50700    81.793281    121.66131   -15.456516   0.95435277 
   50800    81.792442    121.66006   -15.455269    0.9543924 
   50900    81.791602    121.65881   -15.454018   0.95443217 
   51000     81.79076    121.65756   -15.452766   0.95447207 
   51100    81.789915     121.6563    -15.45151   0.95451211 
   51200     81.78907    121.65504   -15.450252   0.95455228 
   51300    81.788222    121.65378   -15.448991   0.95459258 
   51400    81.787372    121.65252   -15.447727   0.95463301 
   51500    81.786521    121.65125   -15.446461   0.95467358 
   51600    81.785668    121.64998    -15.44514   0.95471551 
   51700    81.784813    121.64871   -15.443868   0.95475634 
   51800    81.783956    121.64744   -15.442594   0.95479731 
   51900    81.783098    121.64616   -15.441317    0.9548384 
   52000    81.782237    121.64488   -15.440037   0.95487963 
   52100    81.781375     121.6436   -15.438754     0.954921 
   52200    81.780511    121.64231   -15.437469   0.95496249 
   52300    81.779645    121.64102   -15.436181   0.95500412 
   52400    81.778778    121.63973   -15.434891   0.95504588 
   52500    81.777908    121.63844   -15.433598   0.95508778 
   52600    81.777037    121.63715   -15.432302    0.9551298 
   52700    81.776164    121.63585   -15.431003   0.95517196 
   52800    81.775289    121.63455   -15.429702   0.95521425 
   52900    81.774413    121.63324   -15.428398   0.95525667 
   53000    81.773534    121.63193   -15.427092   0.95529923 
   53100    81.772654    121.63063   -15.425782   0.95534192 
   53200    81.771772    121.62931    -15.42447   0.95538474 
   53300    81.770888      121.628   -15.423156   0.95542769 
   53400    81.770002    121.62668   -15.421838   0.95547077 
   53500    81.769115    121.62536   -15.420518   0.95551399 
   53600    81.768225    121.62404   -15.419195   0.95555734 
   53700    81.767334    121.62271    -15.41787   0.95560082 
   53800    81.766441    121.62138   -15.416542   0.95564443 
   53900    81.765546    121.62005   -15.415211   0.95568817 
   54000     81.76465    121.61872   -15.413877   0.95573205 
   54100    81.763752    121.61738   -15.412541   0.95577606 
   54200    81.762851    121.61604   -15.411202    0.9558202 
   54300    81.761949     121.6147    -15.40986   0.95586447 
   54400    81.761045    121.61336   -15.408516   0.95590887 
   54500     81.76014    121.61201   -15.407169   0.95595341 
   54600    81.759232    121.61066   -15.405819   0.95599807 
   54700    81.758323    121.60931   -15.404466   0.95604287 
   54800    81.757412    121.60795   -15.403111    0.9560878 
   54900    81.756499     121.6066   -15.401753   0.95613286 
   55000    81.755584    121.60524   -15.400393   0.95617805 
   55100    81.754668    121.60387    -15.39903   0.95622337 
   55200     81.75375    121.60251   -15.397664   0.95626883 
   55300    81.752829    121.60114   -15.396295   0.95631441 
   55400    81.751907    121.59977   -15.394924   0.95636013 
   55500    81.750984    121.59839    -15.39355   0.95640598 
   55600    81.750058    121.59702   -15.392173   0.95645195 
   55700    81.749131    121.59564   -15.390793   0.95649806 
   55800    81.748201    121.59425   -15.389411    0.9565443 
   55900     81.74727    121.59287   -15.388026   0.95659068 
   56000    81.746337    121.59148   -15.386639   0.95663718 
   56100    81.745403    121.59009   -15.385248   0.95668381 
   56200    81.744466     121.5887   -15.383855   0.95673057 
   56300    81.743528     121.5873    -15.38246   0.95677747 
   56400    81.742588     121.5859   -15.381061   0.95682449 
   56500    81.741646     121.5845    -15.37966   0.95687165 
   56600    81.740702     121.5831   -15.378257   0.95691893 
   56700    81.739757    121.58169    -15.37685   0.95696635 
   56800    81.738809    121.58028   -15.375441   0.95701389 
   56900     81.73786    121.57887   -15.374029   0.95706157 
   57000    81.736909    121.57746   -15.372614   0.95710937 
   57100    81.735956    121.57604   -15.371197   0.95715731 
   57200    81.735001    121.57462   -15.369777   0.95720537 
   57300    81.734045     121.5732   -15.368354   0.95725357 
   57400    81.733087    121.57177   -15.366929    0.9573019 
   57500    81.732126    121.57034   -15.365501   0.95735035 
   57600    81.731165    121.56891    -15.36407   0.95739894 
   57700    81.730201    121.56748   -15.362637   0.95744765 
   57800    81.729235    121.56604     -15.3612   0.95749649 
   57900    81.728268     121.5646   -15.359762   0.95754547 
   58000    81.727299    121.56316    -15.35832   0.95759457 
   58100    81.726328    121.56172   -15.356876    0.9576438 
   58200    81.725355    121.56027   -15.355429   0.95769316 
   58300     81.72438    121.55882   -15.353979   0.95774265 
   58400    81.723404    121.55737   -15.352527   0.95779227 
   58500    81.722426    121.55591   -15.351071   0.95784202 
   58600    81.721445    121.55446   -15.349614    0.9578919 
   58700    81.720464      121.553   -15.348153    0.9579419 
   58800     81.71948    121.55153    -15.34669   0.95799204 
   58900    81.718494    121.55007   -15.345224    0.9580423 
   59000    81.717507     121.5486   -15.343755   0.95809269 
   59100    81.716518    121.54713   -15.342284   0.95814321 
   59200    81.715527    121.54565    -15.34081   0.95819386 
   59300    81.714534    121.54418   -15.339334   0.95824464 
   59400    81.713539     121.5427   -15.337854   0.95829554 
   59500    81.712543    121.54122   -15.336372   0.95834658 
   59600    81.711545    121.53973   -15.334887   0.95839774 
   59700    81.710545    121.53824     -15.3334   0.95844903 
   59800    81.709543    121.53675    -15.33191   0.95850044 
   59900    81.708539    121.53526   -15.330417   0.95855199 
   60000    81.707534    121.53376   -15.328921   0.95860366 
   60100    81.706527    121.53227   -15.327423   0.95865546 
   60200    81.705517    121.53077   -15.325922   0.95870739 
   60300    81.704507    121.52926   -15.324418   0.95875944 
   60400    81.703494    121.52776   -15.322912   0.95881162 
   60500    81.702479    121.52625   -15.321403   0.95886393 
   60600    81.701463    121.52473   -15.319891   0.95891637 
   60700    81.700445    121.52322   -15.318377   0.95896893 
   60800    81.699425     121.5217    -15.31686   0.95902162 
   60900    81.698403    121.52018    -15.31534   0.95907444 
   61000     81.69738    121.51866   -15.313818   0.95912738 
   61100    81.696354    121.51714   -15.312292   0.95918045 
   61200    81.695327    121.51561   -15.310765   0.95923364 
   61300    81.694298    121.51408   -15.309234   0.95928697 
   61400    81.693267    121.51254   -15.307701   0.95934041 
   61500    81.692235    121.51101   -15.306165   0.95939399 
   61600      81.6912    121.50947   -15.304679   0.95944646 
   61700    81.690164    121.50793   -15.303137   0.95950028 
   61800    81.689126    121.50638   -15.301593   0.95955424 
   61900    81.688086    121.50484   -15.300047   0.95960831 
   62000    81.687045    121.50329   -15.298498   0.95966252 
   62100    81.686001    121.50174   -15.296946   0.95971684 
   62200    81.684956    121.50018   -15.295391    0.9597713 
   62300    81.683909    121.49862   -15.293833   0.95982588 
   62400     81.68286    121.49706   -15.292273   0.95988058 
   62500     81.68181     121.4955   -15.290711   0.95993541 
   62600    81.680757    121.49394   -15.289145   0.95999037 
   62700    81.679703    121.49237   -15.287577   0.96004544 
   62800    81.678647     121.4908   -15.286007   0.96010065 
   62900    81.677589    121.48922   -15.284433   0.96015598 
   63000    81.676529    121.48765   -15.282857   0.96021143 
   63100    81.675468    121.48607   -15.281331   0.96026577 
   63200    81.674405    121.48449   -15.279749   0.96032147 
   63300     81.67334     121.4829   -15.278165    0.9603773 
   63400    81.672273    121.48132   -15.276578   0.96043325 
   63500    81.671205    121.47973   -15.274989   0.96048932 
   63600    81.670134    121.47814   -15.273397   0.96054551 
   63700    81.669062    121.47654   -15.271802   0.96060183 
   63800    81.667988    121.47494   -15.270257   0.96065704 
   63900    81.666912    121.47334   -15.268657   0.96071361 
   64000    81.665835    121.47174   -15.267054    0.9607703 
   64100    81.664755    121.47013   -15.265449   0.96082711 
   64200    81.663674    121.46853   -15.263841   0.96088404 
   64300    81.662591    121.46692    -15.26223    0.9609411 
   64400    81.661507     121.4653   -15.260617   0.96099828 
   64500     81.66042    121.46369   -15.259001   0.96105558 
   64600    81.659332    121.46207   -15.257382   0.96111301 
   64700    81.658242    121.46045   -15.255761   0.96117055 
   64800     81.65715    121.45882   -15.254137   0.96122822 
   64900    81.656057     121.4572    -15.25251   0.96128601 
   65000    81.654961    121.45557   -15.250881   0.96134392 
   65100    81.653864    121.45393   -15.249249   0.96140196 
   65200    81.652765     121.4523   -15.247614   0.96146011 
   65300    81.651664    121.45066   -15.245977   0.96151839 
   65400    81.650562    121.44902   -15.244337   0.96157678 
   65500    81.649458    121.44738   -15.242695    0.9616353 
   65600    81.648352    121.44574   -15.241049   0.96169394 
   65700    81.647244    121.44409   -15.239402    0.9617527 
   65800    81.646134    121.44244   -15.237751   0.96181158 
   65900    81.645023    121.44078   -15.236098   0.96187058 
   66000     81.64391    121.43913   -15.234442    0.9619297 
   66100    81.642795    121.43747   -15.232784   0.96198894 
   66200    81.641678    121.43581   -15.231123    0.9620483 
   66300     81.64056    121.43415    -15.22946   0.96210778 
   66400     81.63944    121.43248   -15.227793   0.96216738 
   66500    81.638318    121.43081   -15.226125   0.96222709 
   66600    81.637194    121.42914   -15.224453   0.96228693 
   66700    81.636068    121.42746   -15.222779   0.96234689 
   66800    81.634941    121.42579   -15.221102   0.96240696 
   66900    81.633812    121.42411   -15.219423   0.96246716 
   67000    81.632681    121.42243   -15.217741   0.96252747 
   67100    81.631549    121.42074   -15.216057    0.9625879 
   67200    81.630415    121.41906    -15.21437   0.96264845 
   67300    81.629279    121.41737    -15.21268   0.96270912 
   67400    81.628141    121.41567   -15.210987    0.9627699 
   67500    81.627001    121.41398   -15.209292    0.9628308 
   67600     81.62586    121.41228   -15.207595   0.96289182 
   67700    81.624717    121.41058   -15.205895   0.96295296 
   67800    81.623572    121.40888   -15.204192   0.96301421 
   67900    81.622426    121.40717   -15.202487   0.96307559 
   68000    81.621277    121.40546   -15.200779   0.96313707 
   68100    81.620127    121.40375   -15.199068   0.96319868 
   68200    81.618976    121.40204   -15.197355    0.9632604 
   68300    81.617822    121.40033   -15.195639   0.96332224 
   68400    81.616667    121.39861   -15.193921   0.96338419 
   68500     81.61551    121.39689     -15.1922   0.96344626 
   68600    81.614351    121.39516   -15.190477   0.96350844 
   68700    81.613191    121.39344    -15.18875   0.96357074 
   68800    81.612029    121.39171   -15.187022   0.96363316 
   68900    81.610865    121.38998   -15.185291   0.96369569 
   69000    81.609699    121.38824   -15.183557   0.96375833 
   69100    81.608532    121.38651    -15.18182   0.96382109 
   69200    81.607363    121.38477   -15.180082   0.96388397 
   69300    81.606192    121.38303    -15.17834   0.96394695 
   69400    81.605019    121.38128   -15.176596   0.96401006 
   69500    81.603845    121.37954   -15.174849   0.96407327 
   69600    81.602669    121.37779     -15.1731    0.9641366 
   69700    81.601492    121.37603   -15.171349   0.96420005 
   69800    81.600312    121.37428   -15.169594    0.9642636 
   69900    81.599131    121.37252   -15.167837   0.96432727 
   70000    81.597948    121.37076   -15.166078   0.96439106 
   70100    81.596764      121.369   -15.164316   0.96445495 
   70200    81.595577    121.36724   -15.162552   0.96451896 
   70300    81.594389    121.36547   -15.160785   0.96458308 
   70400      81.5932     121.3637   -15.159015   0.96464731 
   70500    81.592008    121.36193   -15.157243   0.96471165 
   70600    81.590815    121.36015   -15.155469   0.96477611 
   70700    81.589621    121.35838   -15.153692   0.96484067 
   70800    81.588424     121.3566   -15.151912   0.96490535 
   70900    81.587226    121.35482    -15.15013   0.96497014 
   71000    81.586026    121.35303   -15.148345   0.96503504 
   71100    81.584825    121.35124   -15.146558   0.96510005 
   71200    81.583621    121.34945   -15.144768   0.96516517 
   71300    81.582417    121.34766   -15.142976    0.9652304 
   71400     81.58121    121.34587   -15.141181   0.96529574 
   71500    81.580002    121.34407   -15.139384   0.96536118 
   71600    81.578792    121.34227   -15.137584   0.96542674 
   71700     81.57758    121.34047   -15.135782   0.96549241 
   71800    81.576367    121.33866    -15.13403   0.96555695 
   71900    81.575152    121.33686   -15.132223   0.96562284 
   72000    81.573935    121.33505   -15.130413   0.96568883 
   72100    81.572717    121.33323   -15.128601   0.96575493 
   72200    81.571497    121.33142   -15.126786   0.96582114 
   72300    81.570275     121.3296   -15.124917   0.96588869 
   72400    81.569052    121.32778   -15.123097   0.96595511 
   72500    81.567827    121.32596   -15.121275   0.96602164 
   72600      81.5666    121.32414    -15.11945   0.96608828 
   72700    81.565372    121.32231   -15.117623   0.96615503 
   72800    81.564142    121.32048   -15.115794   0.96622188 
   72900     81.56291    121.31865   -15.113962   0.96628883 
   73000    81.561677    121.31681   -15.112128    0.9663559 
   73100    81.560442    121.31498   -15.110291   0.96642306 
   73200    81.559206    121.31314   -15.108452   0.96649034 
   73300    81.557968     121.3113    -15.10661   0.96655772 
   73400    81.556728    121.30945   -15.104766    0.9666252 
   73500    81.555486    121.30761   -15.102919   0.96669279 
   73600    81.554243    121.30576    -15.10107   0.96676048 
   73700    81.552999     121.3039   -15.099219   0.96682828 
   73800    81.551752    121.30205   -15.097365   0.96689618 
   73900    81.550504    121.30019   -15.095509   0.96696418 
   74000    81.549255    121.29834    -15.09365   0.96703229 
   74100    81.548003    121.29647   -15.091789    0.9671005 
   74200    81.546751    121.29461   -15.089926   0.96716881 
   74300    81.545496    121.29275    -15.08806   0.96723723 
   74400     81.54424    121.29088   -15.086191   0.96730575 
   74500    81.542982    121.28901   -15.084321   0.96737437 
   74600    81.541723    121.28713   -15.082448   0.96744309 
   74700    81.540462    121.28526   -15.080572   0.96751191 
   74800      81.5392    121.28338   -15.078694   0.96758083 
   74900    81.537936     121.2815   -15.076814   0.96764986 
   75000     81.53667    121.27962   -15.074931   0.96771898 
   75100    81.535403    121.27773   -15.073046   0.96778821 
   75200    81.534134    121.27584   -15.071159   0.96785753 
   75300    81.532863    121.27396   -15.069269   0.96792696 
   75400    81.531591    121.27206   -15.067377   0.96799648 
   75500    81.530318    121.27017   -15.065483   0.96806611 
   75600    81.529042    121.26827   -15.063586   0.96813583 
   75700    81.527766    121.26637   -15.061687   0.96820565 
   75800    81.526487    121.26447   -15.059786   0.96827557 
   75900    81.525207    121.26257   -15.057882   0.96834558 
   76000    81.523926    121.26066   -15.055923   0.96841693 
   76100    81.522643    121.25875   -15.054015   0.96848714 
   76200    81.521358    121.25684   -15.052104   0.96855745 
   76300    81.520072    121.25493   -15.050191   0.96862785 
   76400    81.518784    121.25301   -15.048276   0.96869835 
   76500    81.517495     121.2511   -15.046358   0.96876895 
   76600    81.516204    121.24918   -15.044438   0.96883964 
   76700    81.514912    121.24725   -15.042516   0.96891043 
   76800    81.513618    121.24533   -15.040591   0.96898132 
   76900    81.512323     121.2434   -15.038664   0.96905229 
   77000    81.511026    121.24147   -15.036735   0.96912337 
   77100    81.509727    121.23954   -15.034804   0.96919453 
   77200    81.508427    121.23761    -15.03287   0.96926579 
   77300    81.507126    121.23567   -15.030934   0.96933715 
   77400    81.505822    121.23373   -15.028996   0.96940859 
   77500    81.504518    121.23179   -15.027055   0.96948013 
   77600    81.503212    121.22985   -15.025113   0.96955177 
   77700    81.501904    121.22791   -15.023168   0.96962349 
   77800    81.500595    121.22596    -15.02122   0.96969531 
   77900    81.499284    121.22401   -15.019271   0.96976721 
   78000    81.497972    121.22206   -15.017319   0.96983921 
   78100    81.496659     121.2201   -15.015365    0.9699113 
   78200    81.495344    121.21815   -15.013409   0.96998348 
   78300    81.494027    121.21619   -15.011451   0.97005575 
   78400    81.492709    121.21423    -15.00949   0.97012812 
   78500    81.491389    121.21227   -15.007527   0.97020057 
   78600    81.490068     121.2103   -15.005562    0.9702731 
   78700    81.488746    121.20833   -15.003595   0.97034573 
   78800    81.487422    121.20636   -15.001626   0.97041845 
   78900    81.486096    121.20439   -14.999654   0.97049125 
   79000    81.484769    121.20242   -14.997681   0.97056414 
   79100    81.483441    121.20044   -14.995705   0.97063712 
   79200    81.482111    121.19846   -14.993727   0.97071019 
   79300     81.48078    121.19648   -14.991746   0.97078334 
   79400    81.479447     121.1945   -14.989764   0.97085658 
   79500    81.478113    121.19252    -14.98778   0.97092991 
   79600    81.476777    121.19053   -14.985793   0.97100332 
   79700     81.47544    121.18854   -14.983804   0.97107681 
   79800    81.474102    121.18655   -14.981813    0.9711504 
   79900    81.472762    121.18456    -14.97982   0.97122406 
   80000     81.47142    121.18256   -14.977825   0.97129781 
   80100    81.470077    121.18057   -14.975828   0.97137164 
   80200    81.468733    121.17857   -14.973828   0.97144556 
   80300    81.467388    121.17657   -14.971827   0.97151956 
   80400    81.466041    121.17456   -14.969823   0.97159364 
   80500    81.464692    121.17256   -14.967818   0.97166781 
   80600    81.463342    121.17055    -14.96581   0.97174205 
   80700    81.461991    121.16854     -14.9638   0.97181638 
   80800    81.460639    121.16653   -14.961788   0.97189079 
   80900    81.459285    121.16451   -14.959774   0.97196528 
   81000    81.457929     121.1625   -14.957758   0.97203985 
   81100    81.456573    121.16048    -14.95574   0.97211449 
   81200    81.455214    121.15846    -14.95372   0.97218922 
   81300    81.453855    121.15644   -14.951698   0.97226403 
   81400    81.452494    121.15441   -14.949674   0.97233892 
   81500    81.451132    121.15239   -14.947648   0.97241388 
   81600    81.449768    121.15036    -14.94562   0.97248893 
   81700    81.448403    121.14833   -14.943589   0.97256405 
   81800    81.447037     121.1463   -14.941557   0.97263924 
   81900     81.44567    121.14426   -14.939523   0.97271452 
   82000    81.444301    121.14223   -14.937487   0.97278987 
   82100     81.44293    121.14019   -14.935449   0.97286529 
   82200    81.441559    121.13815   -14.933408    0.9729408 
   82300    81.440186     121.1361   -14.931366   0.97301637 
   82400    81.438812    121.13406   -14.929322   0.97309202 
   82500    81.437436    121.13201   -14.927276   0.97316775 
   82600    81.436059    121.12997   -14.925228   0.97324355 
   82700    81.434681    121.12792   -14.923178   0.97331942 
   82800    81.433302    121.12586   -14.921127   0.97339537 
   82900    81.431921    121.12381   -14.919073   0.97347138 
   83000    81.430539    121.12176   -14.917017   0.97354747 
   83100    81.429156     121.1197   -14.914959   0.97362364 
   83200    81.427771    121.11764     -14.9129   0.97369987 
   83300    81.426385    121.11558   -14.910839   0.97377617 
   83400    81.424998    121.11351   -14.908775   0.97385255 
   83500     81.42361    121.11145    -14.90671   0.97392899 
   83600     81.42222    121.10938   -14.904643    0.9740055 
   83700    81.420829    121.10731   -14.902574   0.97408209 
   83800    81.419437    121.10524   -14.900503   0.97415874 
   83900    81.418043    121.10317   -14.898431   0.97423546 
   84000    81.416649    121.10109   -14.896409   0.97431101 
   84100    81.415253    121.09902   -14.894332   0.97438787 
   84200    81.413856    121.09694   -14.892254   0.97446479 
   84300    81.412457    121.09486   -14.890174   0.97454177 
   84400    81.411058    121.09278   -14.888093   0.97461883 
   84500    81.409657     121.0907   -14.886009   0.97469595 
   84600    81.408255    121.08861   -14.883924   0.97477313 
   84700    81.406852    121.08652   -14.881837   0.97485038 
   84800    81.405447    121.08443   -14.879748   0.97492769 
   84900    81.404042    121.08234   -14.877657   0.97500507 
   85000    81.402635    121.08025   -14.875565    0.9750825 
   85100    81.401227    121.07816    -14.87347   0.97516001 
   85200    81.399818    121.07606   -14.871374   0.97523757 
   85300    81.398408    121.07396   -14.869277    0.9753152 
   85400    81.396996    121.07186   -14.867177   0.97539288 
   85500    81.395584    121.06976   -14.865076   0.97547063 
   85600     81.39417    121.06766   -14.862973   0.97554844 
   85700    81.392755    121.06555   -14.860869   0.97562631 
   85800    81.391339    121.06345   -14.858762   0.97570423 
   85900    81.389922    121.06134   -14.856655   0.97578222 
   86000    81.388503    121.05923   -14.854545   0.97586026 
   86100    81.387084    121.05712   -14.852434   0.97593836 
   86200    81.385663    121.05501   -14.850321   0.97601652 
   86300    81.384242    121.05289   -14.848206   0.97609474 
   86400    81.382819    121.05078    -14.84609   0.97617301 
   86500    81.381395    121.04866   -14.843972   0.97625134 
   86600     81.37997    121.04654   -14.841852   0.97632973 
   86700    81.378544    121.04442   -14.839731   0.97640816 
   86800    81.377117    121.04229   -14.837608   0.97648666 
   86900    81.375689    121.04017   -14.835484   0.97656521 
   87000    81.374259    121.03804   -14.833358   0.97664381 
   87100    81.372829    121.03592    -14.83123   0.97672246 
   87200    81.371398    121.03379   -14.829101   0.97680117 
   87300    81.369965    121.03166   -14.826971   0.97687992 
   87400    81.368532    121.02952   -14.824838   0.97695873 
   87500    81.367097    121.02739   -14.822704   0.97703759 
   87600    81.365661    121.02526   -14.820569    0.9771165 
   87700    81.364225    121.02312   -14.818432   0.97719546 
   87800    81.362787    121.02098   -14.816294   0.97727447 
   87900    81.361348    121.01884   -14.814154   0.97735353 
   88000    81.359909     121.0167   -14.812013   0.97743264 
   88100    81.358468    121.01456    -14.80987   0.97751179 
   88200    81.357026    121.01241   -14.807725   0.97759099 
   88300    81.355584    121.01027   -14.805579   0.97767024 
   88400     81.35414    121.00812   -14.803432   0.97774954 
   88500    81.352695    121.00597   -14.801283   0.97782888 
   88600     81.35125    121.00382   -14.799133   0.97790826 
   88700    81.349803    121.00167   -14.796981   0.97798769 
   88800    81.348356    120.99951   -14.794828   0.97806716 
   88900    81.346907    120.99736   -14.792674   0.97814668 
   89000    81.345458     120.9952   -14.790518   0.97822624 
   89100    81.344008    120.99305   -14.788361   0.97830584 
   89200    81.342556    120.99089   -14.786202   0.97838549 
   89300    81.341104    120.98873   -14.784042   0.97846517 
   89400    81.339651    120.98657    -14.78188    0.9785449 
   89500    81.338197     120.9844   -14.779718   0.97862466 
   89600    81.336742    120.98224   -14.777554   0.97870447 
   89700    81.335286    120.98007   -14.775388   0.97878431 
   89800    81.333829    120.97791   -14.773221    0.9788642 
   89900    81.332372    120.97574   -14.771001   0.97894535 
   90000    81.330913    120.97357   -14.768831   0.97902531 
   90100    81.329454     120.9714   -14.766661    0.9791053 
   90200    81.327994    120.96923   -14.764489   0.97918533 
   90300    81.326532    120.96705   -14.762315    0.9792654 
   90400    81.325071    120.96488   -14.760141    0.9793455 
   90500    81.323608     120.9627   -14.757965   0.97942564 
   90600    81.322144    120.96053   -14.755788   0.97950581 
   90700     81.32068    120.95835    -14.75361   0.97958601 
   90800    81.319214    120.95617    -14.75143   0.97966625 
   90900    81.317748    120.95399    -14.74925   0.97974652 
   91000    81.316281    120.95181   -14.747068   0.97982682 
   91100    81.314814    120.94962   -14.744885   0.97990715 
   91200    81.313345    120.94744     -14.7427   0.97998751 
   91300    81.311876    120.94525   -14.740515   0.98006791 
   91400    81.310406    120.94307   -14.738328   0.98014833 
   91500    81.308935    120.94088   -14.736141   0.98022878 
   91600    81.307463    120.93869   -14.733952   0.98030925 
   91700    81.305991     120.9365   -14.731762   0.98038976 
   91800    81.304518    120.93431   -14.729571   0.98047029 
   91900    81.303044    120.93212   -14.727378   0.98055085 
   92000     81.30157    120.92992   -14.725185   0.98063144 
   92100    81.300094    120.92773   -14.722991   0.98071205 
   92200    81.298618    120.92553   -14.720795   0.98079268 
   92300    81.297142    120.92334   -14.718599   0.98087334 
   92400    81.295664    120.92114   -14.716401   0.98095402 
   92500    81.294186    120.91894   -14.714202   0.98103472 
   92600    81.292707    120.91674   -14.712003   0.98111545 
   92700    81.291228    120.91454   -14.709802    0.9811962 
   92800    81.289747    120.91234   -14.707601   0.98127696 
   92900    81.288267    120.91014   -14.705398   0.98135775 
   93000    81.286785    120.90793   -14.703194   0.98143856 
   93100    81.285303    120.90573    -14.70099   0.98151939 
   93200     81.28382    120.90352   -14.698784   0.98160023 
   93300    81.282337    120.90132   -14.696578    0.9816811 
   93400    81.280853    120.89911    -14.69437   0.98176198 
   93500    81.279368     120.8969   -14.692162   0.98184287 
   93600    81.277883    120.89469   -14.689953   0.98192379 
   93700    81.276397    120.89248   -14.687795   0.98200348 
   93800     81.27491    120.89027   -14.685584   0.98208442 
   93900    81.273423    120.88806   -14.683372   0.98216538 
   94000    81.271936    120.88584   -14.681159   0.98224635 
   94100    81.270447    120.88363   -14.678945   0.98232733 
   94200    81.268959    120.88142   -14.676731   0.98240833 
   94300    81.267469     120.8792   -14.674516   0.98248933 
   94400    81.265979    120.87699     -14.6723   0.98257035 
   94500    81.264489    120.87477   -14.670083   0.98265138 
   94600    81.262998    120.87255   -14.667865   0.98273241 
   94700    81.261506    120.87033   -14.665646   0.98281346 
   94800    81.260014    120.86811   -14.663427   0.98289451 
   94900    81.258522    120.86589   -14.661207   0.98297557 
   95000    81.257029    120.86367   -14.658986   0.98305664 
   95100    81.255535    120.86145   -14.656765   0.98313771 
   95200    81.254041    120.85923   -14.654543   0.98321879 
   95300    81.252547    120.85701    -14.65232   0.98329988 
   95400    81.251052    120.85478   -14.650096   0.98338097 
   95500    81.249557    120.85256   -14.647872   0.98346206 
   95600    81.248061    120.85033   -14.645647   0.98354315 
   95700    81.246564    120.84811   -14.643421   0.98362425 
   95800    81.245068    120.84588   -14.641195   0.98370535 
   95900    81.243571    120.84365   -14.638968   0.98378645 
   96000    81.242073    120.84143   -14.636741   0.98386755 
   96100    81.240575     120.8392   -14.634513   0.98394865 
   96200    81.239077    120.83697   -14.632284   0.98402975 
   96300    81.237578    120.83474   -14.630055   0.98411084 
   96400    81.236079    120.83251   -14.627825   0.98419194 
   96500    81.234579    120.83028   -14.625594   0.98427303 
   96600    81.233079    120.82805   -14.623364   0.98435412 
   96700    81.231579    120.82582   -14.621132    0.9844352 
   96800    81.230079    120.82359     -14.6189   0.98451628 
   96900    81.228578    120.82135   -14.616668   0.98459735 
   97000    81.227077    120.81912   -14.614435   0.98467841 
   97100    81.225575    120.81689   -14.612201   0.98475947 
   97200    81.224073    120.81465   -14.609967   0.98484052 
   97300    81.222571    120.81242   -14.607733   0.98492156 
   97400    81.221069    120.81018   -14.605498   0.98500259 
   97500    81.219566    120.80795   -14.603263   0.98508362 
   97600    81.218063    120.80571   -14.601027   0.98516463 
   97700     81.21656    120.80348   -14.598791   0.98524563 
   97800    81.215056    120.80124   -14.596555   0.98532661 
   97900    81.213552      120.799   -14.594318   0.98540759 
   98000    81.212048    120.79677   -14.592081   0.98548855 
   98100    81.210544    120.79453   -14.589844    0.9855695 
   98200    81.209039    120.79229   -14.587553   0.98565166 
   98300    81.207535    120.79005   -14.585315   0.98573258 
   98400     81.20603    120.78782   -14.583077   0.98581348 
   98500    81.204525    120.78558   -14.580838   0.98589436 
   98600     81.20302    120.78334   -14.578599   0.98597523 
   98700    81.201514     120.7811    -14.57636   0.98605607 
   98800    81.200008    120.77886   -14.574121    0.9861369 
   98900    81.198503    120.77662   -14.571881   0.98621771 
   99000    81.196997    120.77438   -14.569641    0.9862985 
   99100    81.195491    120.77214   -14.567401   0.98637926 
   99200    81.193985     120.7699    -14.56516   0.98646001 
   99300    81.192478    120.76766    -14.56292   0.98654073 
   99400    81.190972    120.76542   -14.560679   0.98662143 
   99500    81.189465    120.76318   -14.558438    0.9867021 
   99600    81.187959    120.76094   -14.556197   0.98678275 
   99700    81.186452    120.75869   -14.553956   0.98686337 
   99800    81.184945    120.75645   -14.551715   0.98694397 
   99900    81.183438    120.75421   -14.549474   0.98702454 
  100000    81.181931    120.75197   -14.547232   0.98710508 
