#Step Temp KinEng PotEng Press 
       0           85    126.43106    -15.76389   0.98632183 
     100    84.999999    126.43106   -15.763889   0.98629427 
     200    84.999997    126.43105   -15.763886   0.98626684 
     300    84.999993    126.43105    -15.76388   0.98623954 
     400    84.999987    126.43104   -15.763871   0.98621238 
     500     84.99998    126.43103   -15.763861   0.98618535 
     600    84.999971    126.43102   -15.763848   0.98615845 
     700    84.999961      126.431   -15.763832   0.98613169 
     800    84.999949    126.43098   -15.763814   0.98610506 
     900    84.999935    126.43096   -15.763794   0.98607856 
    1000     84.99992    126.43094   -15.763771    0.9860522 
    1100    84.999903    126.43091   -15.763746   0.98602597 
    1200    84.999884    126.43089   -15.763718   0.98599988 
    1300    84.999864    126.43086   -15.763688   0.98597392 
    1400    84.999842    126.43082   -15.763656   0.98594809 
    1500    84.999819    126.43079   -15.763621   0.98592239 
    1600    84.999794    126.43075   -15.763584   0.98589683 
    1700    84.999767    126.43071   -15.763544    0.9858714 
    1800    84.999739    126.43067   -15.763502   0.98584611 
    1900    84.999709    126.43063   -15.763457   0.98582095 
    2000    84.999677    126.43058    -15.76341   0.98579592 
    2100    84.999644    126.43053   -15.763361   0.98577103 
    2200    84.999609    126.43048   -15.763309   0.98574627 
    2300    84.999573    126.43042   -15.763255   0.98572164 
    2400    84.999535    126.43037   -15.763198   0.98569714 
    2500    84.999495    126.43031   -15.763139   0.98567278 
    2600    84.999454    126.43025   -15.763078   0.98564856 
    2700    84.999411    126.43018   -15.763014   0.98562446 
    2800    84.999366    126.43012   -15.762948   0.98560051 
    2900     84.99932    126.43005   -15.762879   0.98557668 
    3000    84.999272    126.42998   -15.762808   0.98555299 
    3100    84.999223     126.4299   -15.762734   0.98552943 
    3200    84.999172    126.42983   -15.762658     0.985506 
    3300    84.999119    126.42975    -15.76258   0.98548271 
    3400    84.999065    126.42967   -15.762499   0.98545955 
    3500    84.999009    126.42958   -15.762416   0.98543653 
    3600    84.998951     126.4295    -15.76233   0.98541364 
    3700    84.998892    126.42941   -15.762242   0.98539088 
    3800    84.998831    126.42932   -15.762152   0.98536825 
    3900    84.998769    126.42923   -15.762059   0.98534576 
    4000    84.998705    126.42913   -15.761964   0.98532341 
    4100    84.998639    126.42903   -15.761866   0.98530118 
    4200    84.998572    126.42893   -15.761766   0.98527909 
    4300    84.998503    126.42883   -15.761663   0.98525713 
    4400    84.998432    126.42873   -15.761558   0.98523531 
    4500     84.99836    126.42862   -15.761451   0.98521362 
    4600    84.998287    126.42851   -15.761341   0.98519207 
    4700    84.998211     126.4284   -15.761229   0.98517064 
    4800    84.998134    126.42828   -15.761115   0.98514936 
    4900    84.998055    126.42817   -15.760998    0.9851282 
    5000    84.997975    126.42805   -15.760878   0.98510718 
    5100    84.997893    126.42792   -15.760756   0.98508629 
    5200     84.99781     126.4278   -15.760632   0.98506554 
    5300    84.997724    126.42767   -15.760505   0.98504492 
    5400    84.997638    126.42754   -15.760376   0.98502443 
    5500    84.997549    126.42741   -15.760245   0.98500408 
    5600    84.997459    126.42728   -15.760111   0.98498386 
    5700    84.997368    126.42714   -15.759975   0.98496377 
    5800    84.997274      126.427   -15.759836   0.98494382 
    5900    84.997179    126.42686   -15.759695     0.984924 
    6000    84.997083    126.42672   -15.759551   0.98490431 
    6100    84.996985    126.42657   -15.759405   0.98488476 
    6200    84.996885    126.42642   -15.759257   0.98486535 
    6300    84.996784    126.42627   -15.759106   0.98484606 
    6400    84.996681    126.42612   -15.758953   0.98482691 
    6500    84.996576    126.42597   -15.758797    0.9848079 
    6600     84.99647    126.42581   -15.758639   0.98478901 
    6700    84.996362    126.42565   -15.758478   0.98477026 
    6800    84.996252    126.42548   -15.758315   0.98475165 
    6900    84.996141    126.42532    -15.75815   0.98473317 
    7000    84.996028    126.42515   -15.757982   0.98471482 
    7100    84.995914    126.42498   -15.757812    0.9846966 
    7200    84.995798    126.42481    -15.75764   0.98467852 
    7300     84.99568    126.42463   -15.757465   0.98466058 
    7400    84.995561    126.42446   -15.757287   0.98464276 
    7500     84.99544    126.42428   -15.757107   0.98462508 
    7600    84.995317    126.42409   -15.756925   0.98460754 
    7700    84.995193    126.42391    -15.75674   0.98459013 
    7800    84.995068    126.42372   -15.756553   0.98457285 
    7900     84.99494    126.42353   -15.756364   0.98455571 
    8000    84.994811    126.42334   -15.756172    0.9845387 
    8100     84.99468    126.42315   -15.755978   0.98452182 
    8200    84.994548    126.42295   -15.755781   0.98450508 
    8300    84.994414    126.42275   -15.755582   0.98448847 
    8400    84.994279    126.42255    -15.75538   0.98447199 
    8500    84.994141    126.42234   -15.755176   0.98445565 
    8600    84.994003    126.42214    -15.75497   0.98443945 
    8700    84.993862    126.42193   -15.754761   0.98442337 
    8800     84.99372    126.42172   -15.754549   0.98440743 
    8900    84.993577     126.4215   -15.754336   0.98439163 
    9000    84.993431    126.42129    -15.75412   0.98437596 
    9100    84.993284    126.42107   -15.753901   0.98436042 
    9200    84.993136    126.42085    -15.75368   0.98434502 
    9300    84.992986    126.42062   -15.753457   0.98432975 
    9400    84.992834     126.4204   -15.753231   0.98431461 
    9500     84.99268    126.42017   -15.753003   0.98429961 
    9600    84.992525    126.41994   -15.752824   0.98428351 
    9700    84.992369    126.41971   -15.752591   0.98426878 
    9800     84.99221    126.41947   -15.752356   0.98425418 
    9900     84.99205    126.41923   -15.752118   0.98423971 
   10000    84.991889    126.41899   -15.751877   0.98422538 
   10100    84.991725    126.41875   -15.751635   0.98421118 
   10200    84.991561    126.41851   -15.751389   0.98419712 
   10300    84.991394    126.41826   -15.751142   0.98418319 
   10400    84.991226    126.41801   -15.750892   0.98416939 
   10500    84.991056    126.41776   -15.750639   0.98415573 
   10600    84.990885     126.4175   -15.750384    0.9841422 
   10700    84.990712    126.41724   -15.750127   0.98412881 
   10800    84.990537    126.41698   -15.749867   0.98411555 
   10900    84.990361    126.41672   -15.749605   0.98410243 
   11000    84.990183    126.41646   -15.749341   0.98408944 
   11100    84.990004    126.41619   -15.749074   0.98407658 
   11200    84.989822    126.41592   -15.748804   0.98406386 
   11300     84.98964    126.41565   -15.748532   0.98405127 
   11400    84.989455    126.41537   -15.748258   0.98403881 
   11500    84.989269     126.4151   -15.747981   0.98402649 
   11600    84.989081    126.41482   -15.747702   0.98401431 
   11700    84.988892    126.41454    -15.74742   0.98400226 
   11800    84.988701    126.41425   -15.747136   0.98399034 
   11900    84.988509    126.41397    -15.74685   0.98397856 
   12000    84.988314    126.41368   -15.746561   0.98396691 
   12100    84.988119    126.41339    -15.74627   0.98395539 
   12200    84.987921    126.41309   -15.745976   0.98394401 
   12300    84.987722     126.4128    -15.74568   0.98393277 
   12400    84.987521     126.4125   -15.745381   0.98392166 
   12500    84.987319     126.4122    -15.74508   0.98391068 
   12600    84.987115    126.41189   -15.744777   0.98389984 
   12700    84.986909    126.41159   -15.744471   0.98388913 
   12800    84.986702    126.41128   -15.744162   0.98387855 
   12900    84.986493    126.41097   -15.743852   0.98386811 
   13000    84.986282    126.41065   -15.743538   0.98385781 
   13100     84.98607    126.41034   -15.743223   0.98384764 
   13200    84.985856    126.41002   -15.742957   0.98383637 
   13300    84.985641     126.4097   -15.742636   0.98382646 
   13400    84.985424    126.40938   -15.742313    0.9838167 
   13500    84.985205    126.40905   -15.741988   0.98380706 
   13600    84.984984    126.40872    -15.74166   0.98379756 
   13700    84.984762    126.40839    -15.74133    0.9837882 
   13800    84.984539    126.40806   -15.740997   0.98377897 
   13900    84.984313    126.40773   -15.740662   0.98376988 
   14000    84.984086    126.40739   -15.740325   0.98376091 
   14100    84.983858    126.40705   -15.739985   0.98375209 
   14200    84.983628    126.40671   -15.739642    0.9837434 
   14300    84.983396    126.40636   -15.739297   0.98373484 
   14400    84.983162    126.40601    -15.73895   0.98372642 
   14500    84.982927    126.40566     -15.7386   0.98371813 
   14600     84.98269    126.40531   -15.738248   0.98370998 
   14700    84.982452    126.40496   -15.737893   0.98370196 
   14800    84.982212     126.4046   -15.737536   0.98369407 
   14900     84.98197    126.40424   -15.737176   0.98368632 
   15000    84.981726    126.40388   -15.736814   0.98367871 
   15100    84.981481    126.40351    -15.73645   0.98367123 
   15200    84.981235    126.40315   -15.736083   0.98366389 
   15300    84.980986    126.40278   -15.735714   0.98365668 
   15400    84.980737    126.40241   -15.735342    0.9836496 
   15500    84.980485    126.40203   -15.734968   0.98364266 
   15600    84.980232    126.40165   -15.734591   0.98363585 
   15700    84.979977    126.40128   -15.734212   0.98362918 
   15800     84.97972    126.40089    -15.73383   0.98362265 
   15900    84.979462    126.40051   -15.733446   0.98361624 
   16000    84.979202    126.40012    -15.73306   0.98360998 
   16100    84.978941    126.39973   -15.732671   0.98360385 
   16200    84.978678    126.39934   -15.732279   0.98359785 
   16300    84.978413    126.39895   -15.731886   0.98359199 
   16400    84.978146    126.39855   -15.731489   0.98358626 
   16500    84.977878    126.39815   -15.731091   0.98358067 
   16600    84.977609    126.39775   -15.730689   0.98357521 
   16700    84.977337    126.39735   -15.730286   0.98356989 
   16800    84.977064    126.39694    -15.72988    0.9835647 
   16900     84.97679    126.39653   -15.729471   0.98355965 
   17000    84.976513    126.39612    -15.72906   0.98355473 
   17100    84.976235    126.39571   -15.728647   0.98354995 
   17200    84.975956    126.39529   -15.728231    0.9835453 
   17300    84.975674    126.39488   -15.727812   0.98354079 
   17400    84.975391    126.39445   -15.727391   0.98353641 
   17500    84.975107    126.39403   -15.726968   0.98353217 
   17600    84.974821    126.39361   -15.726542   0.98352806 
   17700    84.974533    126.39318   -15.726114   0.98352409 
   17800    84.974243    126.39275   -15.725684   0.98352026 
   17900    84.973952    126.39231    -15.72525   0.98351656 
   18000    84.973659    126.39188   -15.724815   0.98351299 
   18100    84.973365    126.39144   -15.724377   0.98350956 
   18200    84.973068      126.391   -15.723936   0.98350626 
   18300    84.972771    126.39056   -15.723493    0.9835031 
   18400    84.972471    126.39011   -15.723048   0.98350008 
   18500     84.97217    126.38966     -15.7226   0.98349719 
   18600    84.971867    126.38921   -15.722149   0.98349444 
   18700    84.971563    126.38876   -15.721697   0.98349182 
   18800    84.971257     126.3883   -15.721241   0.98348933 
   18900    84.970949    126.38785   -15.720783   0.98348699 
   19000    84.970639    126.38739   -15.720323   0.98348477 
   19100    84.970328    126.38692    -15.71986    0.9834827 
   19200    84.970015    126.38646   -15.719395   0.98348075 
   19300    84.969701    126.38599   -15.718927   0.98347895 
   19400    84.969385    126.38552   -15.718457   0.98347728 
   19500    84.969067    126.38505   -15.717985   0.98347574 
   19600    84.968748    126.38457    -15.71751   0.98347434 
   19700    84.968427     126.3841   -15.717032   0.98347308 
   19800    84.968104    126.38362   -15.716552   0.98347195 
   19900     84.96778    126.38313   -15.716069   0.98347095 
   20000    84.967453    126.38265   -15.715584    0.9834701 
   20100    84.967126    126.38216   -15.715097   0.98346937 
   20200    84.966796    126.38167   -15.714607   0.98346879 
   20300    84.966465    126.38118   -15.714114   0.98346834 
   20400    84.966133    126.38068    -15.71362   0.98346802 
   20500    84.965798    126.38019   -15.713122   0.98346784 
   20600    84.965462    126.37969   -15.712622    0.9834678 
   20700    84.965124    126.37918    -15.71212   0.98346789 
   20800    84.964785    126.37868   -15.711615   0.98346812 
   20900    84.964444    126.37817   -15.711108   0.98346848 
   21000    84.964101    126.37766   -15.710598   0.98346898 
   21100    84.963757    126.37715   -15.710086   0.98346962 
   21200    84.963411    126.37663   -15.709571   0.98347039 
   21300    84.963063    126.37612   -15.709054    0.9834713 
   21400    84.962713     126.3756   -15.708534   0.98347234 
   21500    84.962362    126.37507   -15.708011   0.98347352 
   21600    84.962009    126.37455   -15.707487   0.98347483 
   21700    84.961655    126.37402    -15.70696   0.98347628 
   21800    84.961299    126.37349    -15.70643   0.98347787 
   21900    84.960941    126.37296   -15.705898   0.98347959 
   22000    84.960581    126.37243   -15.705363   0.98348145 
   22100     84.96022    126.37189   -15.704826   0.98348344 
   22200    84.959857    126.37135   -15.704286   0.98348557 
   22300    84.959493    126.37081   -15.703744   0.98348784 
   22400    84.959127    126.37026   -15.703199   0.98349024 
   22500    84.958759    126.36972   -15.702652   0.98349278 
   22600    84.958389    126.36917   -15.702102   0.98349546 
   22700    84.958018    126.36861    -15.70155   0.98349827 
   22800    84.957645    126.36806   -15.700995   0.98350122 
   22900    84.957271     126.3675   -15.700438    0.9835043 
   23000    84.956894    126.36694   -15.699878   0.98350752 
   23100    84.956516    126.36638   -15.699316   0.98351088 
   23200    84.956137    126.36581   -15.698751   0.98351437 
   23300    84.955755    126.36525   -15.698184     0.983518 
   23400    84.955372    126.36468   -15.697615   0.98352176 
   23500    84.954988    126.36411   -15.697042   0.98352566 
   23600    84.954601    126.36353   -15.696468    0.9835297 
   23700    84.954213    126.36295    -15.69589   0.98353388 
   23800    84.953823    126.36237   -15.695311   0.98353819 
   23900    84.953432    126.36179   -15.694728   0.98354263 
   24000    84.953039    126.36121   -15.694144   0.98354722 
   24100    84.952644    126.36062   -15.693556   0.98355194 
   24200    84.952247    126.36003   -15.692967   0.98355679 
   24300    84.951849    126.35944   -15.692374   0.98356178 
   24400    84.951449    126.35884   -15.691779   0.98356691 
   24500    84.951048    126.35825   -15.691182   0.98357218 
   24600    84.950644    126.35765   -15.690582   0.98357758 
   24700    84.950239    126.35704    -15.68998   0.98358312 
   24800    84.949833    126.35644   -15.689375    0.9835888 
   24900    84.949424    126.35583   -15.688768   0.98359461 
   25000    84.949014    126.35522   -15.688158   0.98360056 
   25100    84.948603    126.35461   -15.687545   0.98360664 
   25200    84.948189    126.35399    -15.68693   0.98361287 
   25300    84.947774    126.35338   -15.686313   0.98361922 
   25400    84.947357    126.35276   -15.685693   0.98362572 
   25500    84.946939    126.35213    -15.68507   0.98363235 
   25600    84.946518    126.35151   -15.684445   0.98363912 
   25700    84.946096    126.35088   -15.683817   0.98364603 
   25800    84.945673    126.35025   -15.683187   0.98365307 
   25900    84.945247    126.34962   -15.682555   0.98366025 
   26000     84.94482    126.34898   -15.681919   0.98366757 
   26100    84.944392    126.34835   -15.681282   0.98367502 
   26200    84.943961     126.3477   -15.680641   0.98368261 
   26300    84.943529    126.34706   -15.679999   0.98369034 
   26400    84.943095    126.34642   -15.679353    0.9836982 
   26500     84.94266    126.34577   -15.678705   0.98370621 
   26600    84.942222    126.34512   -15.678055   0.98371434 
   26700    84.941783    126.34447   -15.677402   0.98372262 
   26800    84.941343    126.34381   -15.676747   0.98373103 
   26900      84.9409    126.34315   -15.676089   0.98373958 
   27000    84.940456    126.34249   -15.675428   0.98374827 
   27100     84.94001    126.34183   -15.674765   0.98375709 
   27200    84.939563    126.34116   -15.674099   0.98376606 
   27300    84.939114    126.34049   -15.673431   0.98377515 
   27400    84.938663    126.33982    -15.67276   0.98378439 
   27500     84.93821    126.33915   -15.672087   0.98379376 
   27600    84.937756    126.33847   -15.671411   0.98380327 
   27700      84.9373     126.3378   -15.670733   0.98381292 
   27800    84.936842    126.33712   -15.670052    0.9838227 
   27900    84.936382    126.33643   -15.669369   0.98383263 
   28000    84.935921    126.33575   -15.668683   0.98384269 
   28100    84.935458    126.33506   -15.667994   0.98385288 
   28200    84.934994    126.33437   -15.667303   0.98386322 
   28300    84.934527    126.33367   -15.666609   0.98387369 
   28400    84.934059    126.33298   -15.665913    0.9838843 
   28500    84.933589    126.33228   -15.665214   0.98389504 
   28600    84.933118    126.33158   -15.664513   0.98390593 
   28700    84.932645    126.33087   -15.663809   0.98391695 
   28800     84.93217    126.33017   -15.663102   0.98392811 
   28900    84.931693    126.32946   -15.662393   0.98393941 
   29000    84.931215    126.32875   -15.661682   0.98395084 
   29100    84.930734    126.32803   -15.660968   0.98396241 
   29200    84.930253    126.32731   -15.660251   0.98397412 
   29300    84.929769    126.32659   -15.659532   0.98398597 
   29400    84.929284    126.32587    -15.65881   0.98399795 
   29500    84.928797    126.32515   -15.658085   0.98401008 
   29600    84.928308    126.32442   -15.657358   0.98402234 
   29700    84.927817    126.32369   -15.656629   0.98403473 
   29800    84.927325    126.32296   -15.655897   0.98404727 
   29900    84.926831    126.32223   -15.655162   0.98405994 
   30000    84.926336    126.32149   -15.654425   0.98407275 
   30100    84.925838    126.32075   -15.653685    0.9840857 
   30200    84.925339    126.32001   -15.652942   0.98409879 
   30300    84.924838    126.31926   -15.652197   0.98411202 
   30400    84.924336    126.31851    -15.65145   0.98412538 
   30500    84.923831    126.31776     -15.6507   0.98413888 
   30600    84.923325    126.31701   -15.649947   0.98415252 
   30700    84.922817    126.31625   -15.649191   0.98416629 
   30800    84.922308     126.3155   -15.648434   0.98418021 
   30900    84.921796    126.31474   -15.647673   0.98419426 
   31000    84.921283    126.31397    -15.64691   0.98420845 
   31100    84.920769    126.31321   -15.646144   0.98422278 
   31200    84.920252    126.31244   -15.645376   0.98423725 
   31300    84.919734    126.31167   -15.644605   0.98425185 
   31400    84.919214     126.3109   -15.643832    0.9842666 
   31500    84.918692    126.31012   -15.643056   0.98428148 
   31600    84.918169    126.30934   -15.642277    0.9842965 
   31700    84.917644    126.30856   -15.641496   0.98431165 
   31800    84.917117    126.30778   -15.640712   0.98432695 
   31900    84.916588    126.30699   -15.639926   0.98434238 
   32000    84.916057     126.3062   -15.639137   0.98435796 
   32100    84.915525    126.30541   -15.638345   0.98437367 
   32200    84.914991    126.30461   -15.637551   0.98438951 
   32300    84.914456    126.30382   -15.636754    0.9844055 
   32400    84.913918    126.30302   -15.635955   0.98442163 
   32500    84.913379    126.30222   -15.635153   0.98443789 
   32600    84.912838    126.30141   -15.634348   0.98445429 
   32700    84.912295     126.3006   -15.633541   0.98447083 
   32800    84.911751    126.29979   -15.632731   0.98448751 
   32900    84.911205    126.29898   -15.631919   0.98450433 
   33000    84.910657    126.29817   -15.631104   0.98452129 
   33100    84.910107    126.29735   -15.630286   0.98453838 
   33200    84.909556    126.29653   -15.629466   0.98455561 
   33300    84.909002    126.29571   -15.628643   0.98457299 
   33400    84.908447    126.29488   -15.627817    0.9845905 
   33500    84.907891    126.29405   -15.626989   0.98460814 
   33600    84.907332    126.29322   -15.626159   0.98462593 
   33700    84.906772    126.29239   -15.625325   0.98464386 
   33800     84.90621    126.29155   -15.624489   0.98466192 
   33900    84.905646    126.29071   -15.623651   0.98468012 
   34000    84.905081    126.28987    -15.62281   0.98469847 
   34100    84.904513    126.28903   -15.621966   0.98471695 
   34200    84.903944    126.28818   -15.621119   0.98473557 
   34300    84.903373    126.28733    -15.62027   0.98475432 
   34400    84.902801    126.28648   -15.619419   0.98477322 
   34500    84.902227    126.28563   -15.618564   0.98479226 
   34600     84.90165    126.28477   -15.617707   0.98481143 
   34700    84.901072    126.28391   -15.616848   0.98483074 
   34800    84.900493    126.28305   -15.615986    0.9848502 
   34900    84.899911    126.28218   -15.615121   0.98486979 
   35000    84.899328    126.28132   -15.614253   0.98488952 
   35100    84.898743    126.28045   -15.613383   0.98490938 
   35200    84.898157    126.27957    -15.61251   0.98492939 
   35300    84.897568     126.2787   -15.611635   0.98494954 
   35400    84.896978    126.27782   -15.610757   0.98496982 
   35500    84.896386    126.27694   -15.609876   0.98499025 
   35600    84.895792    126.27606   -15.608993   0.98501081 
   35700    84.895196    126.27517   -15.608107   0.98503151 
   35800    84.894599    126.27428   -15.607219   0.98505236 
   35900       84.894    126.27339   -15.606327   0.98507334 
   36000    84.893399     126.2725   -15.605434   0.98509446 
   36100    84.892796     126.2716   -15.604537   0.98511571 
   36200    84.892191     126.2707   -15.603638   0.98513711 
   36300    84.891585     126.2698   -15.602736   0.98515865 
   36400    84.890977    126.26889   -15.601832   0.98518033 
   36500    84.890367    126.26799   -15.600924   0.98520214 
   36600    84.889756    126.26708   -15.600015   0.98522409 
   36700    84.889142    126.26617   -15.599102   0.98524619 
   36800    84.888527    126.26525   -15.598187   0.98526842 
   36900     84.88791    126.26433    -15.59727   0.98529079 
   37000    84.887291    126.26341   -15.596349    0.9853133 
   37100    84.886671    126.26249   -15.595426   0.98533595 
   37200    84.886048    126.26156     -15.5945   0.98535874 
   37300    84.885424    126.26064   -15.593572   0.98538167 
   37400    84.884798     126.2597   -15.592641   0.98540474 
   37500    84.884171    126.25877   -15.591707   0.98542795 
   37600    84.883541    126.25783   -15.590771    0.9854513 
   37700     84.88291     126.2569   -15.589832   0.98547478 
   37800    84.882277    126.25595    -15.58889   0.98549841 
   37900    84.881642    126.25501   -15.587946   0.98552217 
   38000    84.881005    126.25406   -15.586999   0.98554608 
   38100    84.880367    126.25311   -15.586049   0.98557012 
   38200    84.879726    126.25216   -15.585097   0.98559431 
   38300    84.879084    126.25121   -15.584142   0.98561863 
   38400     84.87844    126.25025   -15.583184   0.98564309 
   38500    84.877795    126.24929   -15.582224   0.98566769 
   38600    84.877147    126.24832   -15.581261   0.98569243 
   38700    84.876498    126.24736   -15.580295   0.98571731 
   38800    84.875847    126.24639   -15.579326   0.98574233 
   38900    84.875194    126.24542   -15.578355   0.98576749 
   39000    84.874539    126.24444   -15.577381   0.98579279 
   39100    84.873883    126.24347   -15.576405   0.98581823 
   39200    84.873224    126.24249   -15.575426   0.98584381 
   39300    84.872564    126.24151   -15.574444   0.98586953 
   39400    84.871902    126.24052   -15.573459   0.98589539 
   39500    84.871239    126.23954   -15.572472   0.98592138 
   39600    84.870573    126.23855   -15.571482   0.98594752 
   39700    84.869906    126.23755    -15.57049    0.9859738 
   39800    84.869237    126.23656   -15.569494   0.98600021 
   39900    84.868566    126.23556   -15.568496   0.98602677 
   40000    84.867893    126.23456   -15.567496   0.98605347 
   40100    84.867218    126.23356   -15.566492    0.9860803 
   40200    84.866542    126.23255   -15.565486   0.98610728 
   40300    84.865864    126.23154   -15.564477   0.98613439 
   40400    84.865184    126.23053   -15.563466   0.98616164 
   40500    84.864502    126.22952   -15.562452   0.98618904 
   40600    84.863818     126.2285   -15.561435   0.98621657 
   40700    84.863133    126.22748   -15.560415   0.98624425 
   40800    84.862445    126.22646   -15.559393   0.98627206 
   40900    84.861756    126.22543   -15.558368   0.98630001 
   41000    84.861065     126.2244    -15.55734   0.98632811 
   41100    84.860373    126.22337    -15.55631   0.98635634 
   41200    84.859678    126.22234   -15.555277   0.98638471 
   41300    84.858982     126.2213   -15.554241   0.98641322 
   41400    84.858283    126.22027   -15.553202   0.98644187 
   41500    84.857583    126.21922   -15.552161   0.98647067 
   41600    84.856882    126.21818   -15.551117    0.9864996 
   41700    84.856178    126.21713    -15.55007   0.98652867 
   41800    84.855472    126.21608   -15.549021   0.98655788 
   41900    84.854765    126.21503   -15.547969   0.98658723 
   42000    84.854056    126.21398   -15.546914   0.98661672 
   42100    84.853345    126.21292   -15.545856   0.98664635 
   42200    84.852632    126.21186   -15.544796   0.98667613 
   42300    84.851917     126.2108   -15.543733   0.98670604 
   42400    84.851201    126.20973   -15.542667   0.98673609 
   42500    84.850482    126.20866   -15.541599   0.98676628 
   42600    84.849762    126.20759   -15.540528   0.98679661 
   42700     84.84904    126.20652   -15.539454   0.98682708 
   42800    84.848316    126.20544   -15.538377   0.98685769 
   42900    84.847591    126.20436   -15.537298   0.98688844 
   43000    84.846863    126.20328   -15.536216   0.98691933 
   43100    84.846134    126.20219   -15.535131   0.98695036 
   43200    84.845403    126.20111   -15.534043   0.98698153 
   43300     84.84467    126.20002   -15.532953   0.98701284 
   43400    84.843935    126.19892    -15.53186   0.98704429 
   43500    84.843198    126.19783   -15.530764   0.98707588 
   43600     84.84246    126.19673   -15.529666   0.98710761 
   43700    84.841719    126.19563   -15.528564   0.98713948 
   43800    84.840977    126.19452    -15.52746   0.98717149 
   43900    84.840233    126.19342   -15.526354   0.98720363 
   44000    84.839487    126.19231   -15.525244   0.98723592 
   44100    84.838739     126.1912   -15.524132   0.98726835 
   44200     84.83799    126.19008   -15.523017   0.98730092 
   44300    84.837238    126.18896   -15.521899   0.98733363 
   44400    84.836485    126.18784   -15.520779   0.98736648 
   44500     84.83573    126.18672   -15.519656   0.98739947 
   44600    84.834973    126.18559    -15.51853    0.9874326 
   44700    84.834214    126.18446   -15.517401   0.98746587 
   44800    84.833453    126.18333    -15.51627   0.98749927 
   44900    84.832691     126.1822   -15.515135   0.98753282 
   45000    84.831927    126.18106   -15.513998   0.98756651 
   45100     84.83116    126.17992   -15.512859   0.98760034 
   45200    84.830392    126.17878   -15.511716   0.98763431 
   45300    84.829622    126.17763   -15.510571   0.98766842 
   45400     84.82885    126.17649   -15.509423   0.98770267 
   45500    84.828077    126.17534   -15.508272   0.98773705 
   45600    84.827301    126.17418   -15.507119   0.98777158 
   45700    84.826524    126.17303   -15.505962   0.98780625 
   45800    84.825745    126.17187   -15.504803   0.98784106 
   45900    84.824964     126.1707   -15.503642     0.987876 
   46000    84.824181    126.16954   -15.502477   0.98791109 
   46100    84.823396    126.16837    -15.50131   0.98794632 
   46200    84.822609     126.1672    -15.50014   0.98798169 
   46300    84.821821    126.16603   -15.498967   0.98801719 
   46400     84.82103    126.16485   -15.497791   0.98805284 
   46500    84.820238    126.16368   -15.496613   0.98808863 
   46600    84.819444    126.16249   -15.495432   0.98812455 
   46700    84.818648    126.16131   -15.494248   0.98816062 
   46800     84.81785    126.16012   -15.493061   0.98819683 
   46900    84.817051    126.15893   -15.491871   0.98823317 
   47000    84.816249    126.15774   -15.490679   0.98826966 
   47100    84.815446    126.15655   -15.489484   0.98830629 
   47200     84.81464    126.15535   -15.488286   0.98834305 
   47300    84.813833    126.15415   -15.487086   0.98837996 
   47400    84.813024    126.15295   -15.485882     0.988417 
   47500    84.812213    126.15174   -15.484676   0.98845419 
   47600      84.8114    126.15053   -15.483467   0.98849151 
   47700    84.810586    126.14932   -15.482256   0.98852897 
   47800    84.809769     126.1481   -15.481041   0.98856658 
   47900    84.808951    126.14689   -15.479824   0.98860432 
   48000    84.808131    126.14567   -15.478604    0.9886422 
   48100    84.807309    126.14444   -15.477381   0.98868023 
   48200    84.806485    126.14322   -15.476155   0.98871839 
   48300    84.805659    126.14199   -15.474927   0.98875669 
   48400    84.804831    126.14076   -15.473696   0.98879513 
   48500    84.804001    126.13953   -15.472462   0.98883372 
   48600     84.80317    126.13829   -15.471225   0.98887244 
   48700    84.802337    126.13705   -15.469985    0.9889113 
   48800    84.801501    126.13581   -15.468743    0.9889503 
   48900    84.800664    126.13456   -15.467498   0.98898944 
   49000    84.799825    126.13331    -15.46625   0.98902871 
   49100    84.798984    126.13206   -15.464999   0.98906813 
   49200    84.798142    126.13081   -15.463746   0.98910769 
   49300    84.797297    126.12955   -15.462489   0.98914739 
   49400     84.79645    126.12829    -15.46123   0.98918723 
   49500    84.795602    126.12703   -15.459968    0.9892272 
   49600    84.794752    126.12577   -15.458704   0.98926732 
   49700      84.7939     126.1245   -15.457436   0.98930757 
   49800    84.793045    126.12323   -15.456166   0.98934797 
   49900     84.79219    126.12196   -15.454893    0.9893885 
   50000    84.791332    126.12068   -15.453617   0.98942917 
   50100    84.790472     126.1194   -15.452338   0.98946998 
   50200     84.78961    126.11812   -15.451056   0.98951094 
   50300    84.788747    126.11684   -15.449772   0.98955203 
   50400    84.787882    126.11555   -15.448485   0.98959326 
   50500    84.787014    126.11426   -15.447195   0.98963462 
   50600    84.786145    126.11297   -15.445902   0.98967613 
   50700    84.785274    126.11167   -15.444554   0.98971901 
   50800    84.784401    126.11037   -15.443256    0.9897608 
   50900    84.783527    126.10907   -15.441955   0.98980272 
   51000     84.78265    126.10777   -15.440651   0.98984479 
   51100    84.781771    126.10646   -15.439344   0.98988699 
   51200    84.780891    126.10515   -15.438034   0.98992933 
   51300    84.780009    126.10384   -15.436722   0.98997181 
   51400    84.779124    126.10252   -15.435407   0.99001443 
   51500    84.778238     126.1012   -15.434089   0.99005719 
   51600     84.77735    126.09988   -15.432768   0.99010009 
   51700     84.77646    126.09856   -15.431444   0.99014313 
   51800    84.775569    126.09723   -15.430118    0.9901863 
   51900    84.774675     126.0959   -15.428788   0.99022961 
   52000    84.773779    126.09457   -15.427456   0.99027307 
   52100    84.772882    126.09324   -15.426121   0.99031666 
   52200    84.771982     126.0919   -15.424784   0.99036039 
   52300    84.771081    126.09056   -15.423443   0.99040426 
   52400    84.770178    126.08922     -15.4221   0.99044826 
   52500    84.769273    126.08787   -15.420754   0.99049241 
   52600    84.768366    126.08652   -15.419404   0.99053669 
   52700    84.767457    126.08517   -15.418053   0.99058111 
   52800    84.766546    126.08381   -15.416698   0.99062567 
   52900    84.765634    126.08246   -15.415341   0.99067037 
   53000    84.764719     126.0811    -15.41398   0.99071521 
   53100    84.763803    126.07973   -15.412617   0.99076018 
   53200    84.762885    126.07837   -15.411251    0.9908053 
   53300    84.761964      126.077   -15.409882   0.99085055 
   53400    84.761042    126.07563   -15.408511   0.99089594 
   53500    84.760118    126.07425   -15.407136   0.99094147 
   53600    84.759192    126.07287   -15.405759   0.99098713 
   53700    84.758264    126.07149   -15.404379   0.99103294 
   53800    84.757335    126.07011   -15.402996   0.99107888 
   53900    84.756403    126.06873    -15.40161   0.99112496 
   54000     84.75547    126.06734   -15.400222   0.99117118 
   54100    84.754534    126.06595   -15.398831   0.99121753 
   54200    84.753597    126.06455   -15.397436   0.99126402 
   54300    84.752658    126.06316   -15.396039   0.99131065 
   54400    84.751716    126.06176   -15.394639   0.99135742 
   54500    84.750773    126.06035   -15.393237   0.99140433 
   54600    84.749828    126.05895   -15.391831   0.99145137 
   54700    84.748882    126.05754   -15.390423   0.99149855 
   54800    84.747933    126.05613   -15.389012   0.99154587 
   54900    84.746982    126.05471   -15.387598   0.99159333 
   55000     84.74603     126.0533   -15.386181   0.99164092 
   55100    84.745075    126.05188   -15.384761   0.99168865 
   55200    84.744119    126.05045   -15.383339   0.99173652 
   55300    84.743161    126.04903   -15.381913   0.99178452 
   55400    84.742201     126.0476   -15.380485   0.99183266 
   55500    84.741239    126.04617   -15.379054   0.99188094 
   55600    84.740275    126.04474   -15.377621   0.99192936 
   55700    84.739309     126.0433   -15.376184   0.99197791 
   55800    84.738341    126.04186   -15.374744    0.9920266 
   55900    84.737371    126.04042   -15.373302   0.99207542 
   56000      84.7364    126.03897   -15.371857   0.99212439 
   56100    84.735426    126.03752   -15.370409   0.99217349 
   56200    84.734451    126.03607   -15.368958   0.99222272 
   56300    84.733474    126.03462   -15.367505   0.99227209 
   56400    84.732494    126.03316   -15.366048    0.9923216 
   56500    84.731513     126.0317   -15.364589   0.99237125 
   56600     84.73053    126.03024   -15.363127   0.99242103 
   56700    84.729545    126.02878   -15.361662   0.99247095 
   56800    84.728559    126.02731   -15.360194     0.992521 
   56900     84.72757    126.02584   -15.358723   0.99257119 
   57000    84.726579    126.02437    -15.35725   0.99262152 
   57100    84.725587    126.02289   -15.355774   0.99267198 
   57200    84.724592    126.02141   -15.354294   0.99272258 
   57300    84.723596    126.01993   -15.352812   0.99277331 
   57400    84.722598    126.01844   -15.351328   0.99282418 
   57500    84.721598    126.01696    -15.34984   0.99287518 
   57600    84.720596    126.01547    -15.34835   0.99292633 
   57700    84.719592    126.01397   -15.346856    0.9929776 
   57800    84.718586    126.01248    -15.34536   0.99302901 
   57900    84.717578    126.01098   -15.343861   0.99308056 
   58000    84.716568    126.00948   -15.342359   0.99313224 
   58100    84.715557    126.00797   -15.340855   0.99318406 
   58200    84.714543    126.00646   -15.339347   0.99323601 
   58300    84.713528    126.00495   -15.337837    0.9932881 
   58400    84.712511    126.00344   -15.336324   0.99334032 
   58500    84.711492    126.00192   -15.334808   0.99339268 
   58600     84.71047    126.00041   -15.333289   0.99344517 
   58700    84.709448    125.99888   -15.331768    0.9934978 
   58800    84.708423    125.99736   -15.330243   0.99355056 
   58900    84.707396    125.99583   -15.328716   0.99360345 
   59000    84.706367     125.9943   -15.327186   0.99365649 
   59100    84.705337    125.99277   -15.325653   0.99370965 
   59200    84.704304    125.99123   -15.324117   0.99376295 
   59300     84.70327    125.98969   -15.322579   0.99381638 
   59400    84.702233    125.98815   -15.321037   0.99386995 
   59500    84.701195    125.98661   -15.319493   0.99392365 
   59600    84.700155    125.98506   -15.317946   0.99397748 
   59700    84.699113    125.98351   -15.316396   0.99403145 
   59800    84.698069    125.98196   -15.314843   0.99408555 
   59900    84.697023     125.9804   -15.313288   0.99413979 
   60000    84.695976    125.97885   -15.311729   0.99419416 
   60100    84.694926    125.97728   -15.310168   0.99424866 
   60200    84.693875    125.97572   -15.308604    0.9943033 
   60300    84.692821    125.97415   -15.307037   0.99435807 
   60400    84.691766    125.97258   -15.305468   0.99441297 
   60500    84.690709    125.97101   -15.303948   0.99446677 
   60600     84.68965    125.96944   -15.302372   0.99452194 
   60700    84.688589    125.96786   -15.300794   0.99457724 
   60800    84.687526    125.96628   -15.299213   0.99463267 
   60900    84.686461    125.96469   -15.297629   0.99468824 
   61000    84.685394    125.96311   -15.296043   0.99474394 
   61100    84.684326    125.96152   -15.294453   0.99479977 
   61200    84.683255    125.95992   -15.292861   0.99485573 
   61300    84.682183    125.95833   -15.291266   0.99491183 
   61400    84.681109    125.95673   -15.289668   0.99496805 
   61500    84.680032    125.95513   -15.288067   0.99502441 
   61600    84.678954    125.95353   -15.286464    0.9950809 
   61700    84.677874    125.95192   -15.284858   0.99513752 
   61800    84.676793    125.95031   -15.283248   0.99519428 
   61900    84.675709     125.9487   -15.281636   0.99525116 
   62000    84.674623    125.94709   -15.280074   0.99530695 
   62100    84.673536    125.94547   -15.278457   0.99536409 
   62200    84.672446    125.94385   -15.276836   0.99542137 
   62300    84.671355    125.94222   -15.275213   0.99547878 
   62400    84.670262     125.9406   -15.273587   0.99553632 
   62500    84.669167    125.93897   -15.271958   0.99559399 
   62600     84.66807    125.93734   -15.270327   0.99565179 
   62700    84.666971     125.9357   -15.268745   0.99570849 
   62800     84.66587    125.93407   -15.267107   0.99576656 
   62900    84.664768    125.93243   -15.265467   0.99582475 
   63000    84.663663    125.93078   -15.263824   0.99588307 
   63100    84.662557    125.92914   -15.262179   0.99594152 
   63200    84.661449    125.92749    -15.26053    0.9960001 
   63300    84.660339    125.92584   -15.258879   0.99605882 
   63400    84.659227    125.92418   -15.257225   0.99611766 
   63500    84.658113    125.92253   -15.255568   0.99617663 
   63600    84.656997    125.92087   -15.253909   0.99623573 
   63700    84.655879     125.9192   -15.252246   0.99629496 
   63800     84.65476    125.91754   -15.250581   0.99635431 
   63900    84.653638    125.91587   -15.248913    0.9964138 
   64000    84.652515     125.9142   -15.247242   0.99647342 
   64100     84.65139    125.91253   -15.245569   0.99653316 
   64200    84.650263    125.91085   -15.243892   0.99659303 
   64300    84.649134    125.90917   -15.242213   0.99665303 
   64400    84.648003    125.90749   -15.240531   0.99671316 
   64500     84.64687     125.9058   -15.238846   0.99677342 
   64600    84.645736    125.90412   -15.237159    0.9968338 
   64700      84.6446    125.90243   -15.235468   0.99689431 
   64800    84.643461    125.90073   -15.233775   0.99695495 
   64900    84.642321    125.89904   -15.232079   0.99701572 
   65000    84.641179    125.89734   -15.230381   0.99707661 
   65100    84.640035    125.89564   -15.228679   0.99713763 
   65200     84.63889    125.89393   -15.226975   0.99719878 
   65300    84.637742    125.89223   -15.225268   0.99726005 
   65400    84.636592    125.89052   -15.223559   0.99732146 
   65500    84.635441     125.8888   -15.221846   0.99738298 
   65600    84.634288    125.88709   -15.220131   0.99744464 
   65700    84.633133    125.88537   -15.218413   0.99750642 
   65800    84.631976    125.88365   -15.216692   0.99756832 
   65900    84.630817    125.88193   -15.214968   0.99763035 
   66000    84.629657     125.8802   -15.213242   0.99769251 
   66100    84.628494    125.87847   -15.211513   0.99775479 
   66200     84.62733    125.87674   -15.209781    0.9978172 
   66300    84.626164    125.87501   -15.208047   0.99787973 
   66400    84.624996    125.87327   -15.206309   0.99794239 
   66500    84.623826    125.87153   -15.204569   0.99800517 
   66600    84.622654    125.86978   -15.202826   0.99806808 
   66700    84.621481    125.86804   -15.201081   0.99813111 
   66800    84.620305    125.86629   -15.199332   0.99819426 
   66900    84.619128    125.86454   -15.197581   0.99825754 
   67000    84.617949    125.86279   -15.195827   0.99832094 
   67100    84.616768    125.86103   -15.194071   0.99838447 
   67200    84.615585    125.85927   -15.192312   0.99844812 
   67300      84.6144    125.85751    -15.19055   0.99851189 
   67400    84.613214    125.85574   -15.188785   0.99857579 
   67500    84.612026    125.85398   -15.187017   0.99863981 
   67600    84.610835    125.85221   -15.185247   0.99870395 
   67700    84.609644    125.85043   -15.183474   0.99876822 
   67800     84.60845    125.84866   -15.181698    0.9988326 
   67900    84.607254    125.84688    -15.17992   0.99889711 
   68000    84.606057     125.8451   -15.178139   0.99896174 
   68100    84.604857    125.84331   -15.176355   0.99902649 
   68200    84.603656    125.84153   -15.174569   0.99909137 
   68300    84.602453    125.83974   -15.172779   0.99915636 
   68400    84.601249    125.83795   -15.170987   0.99922148 
   68500    84.600042    125.83615   -15.169193   0.99928672 
   68600    84.598834    125.83435   -15.167395   0.99935208 
   68700    84.597623    125.83255   -15.165595   0.99941756 
   68800    84.596411    125.83075   -15.163792   0.99948315 
   68900    84.595198    125.82895   -15.161987   0.99954887 
   69000    84.593982    125.82714   -15.160179   0.99961471 
   69100    84.592765    125.82533   -15.158368   0.99968067 
   69200    84.591545    125.82351   -15.156554   0.99974675 
   69300    84.590324     125.8217   -15.154738   0.99981295 
   69400    84.589101    125.81988   -15.152919   0.99987926 
   69500    84.587877    125.81806   -15.151097    0.9999457 
   69600     84.58665    125.81623   -15.149273    1.0000123 
   69700    84.585422     125.8144   -15.147446    1.0000789 
   69800    84.584192    125.81258   -15.145617    1.0001457 
   69900     84.58296    125.81074   -15.143784    1.0002126 
   70000    84.581726    125.80891   -15.141949    1.0002797 
   70100    84.580491    125.80707   -15.140112    1.0003468 
   70200    84.579254    125.80523   -15.138271    1.0004141 
   70300    84.578015    125.80339   -15.136428    1.0004814 
   70400    84.576774    125.80154   -15.134583    1.0005489 
   70500    84.575531    125.79969   -15.132735    1.0006165 
   70600    84.574287    125.79784   -15.130936     1.000683 
   70700    84.573041    125.79599   -15.129082    1.0007509 
   70800    84.571793    125.79413   -15.127226    1.0008188 
   70900    84.570543    125.79227   -15.125367    1.0008869 
   71000    84.569292    125.79041   -15.123454    1.0009563 
   71100    84.568038    125.78855   -15.121589    1.0010246 
   71200    84.566783    125.78668   -15.119723    1.0010931 
   71300    84.565527    125.78481   -15.117853    1.0011616 
   71400    84.564268    125.78294   -15.115981    1.0012303 
   71500    84.563008    125.78107   -15.114107     1.001299 
   71600    84.561746    125.77919    -15.11223    1.0013679 
   71700    84.560482    125.77731    -15.11035    1.0014369 
   71800    84.559216    125.77543   -15.108467     1.001506 
   71900    84.557949    125.77354   -15.106582    1.0015752 
   72000     84.55668    125.77165   -15.104695    1.0016445 
   72100    84.555409    125.76976   -15.102804     1.001714 
   72200    84.554136    125.76787   -15.100911    1.0017835 
   72300    84.552862    125.76597   -15.099016    1.0018532 
   72400    84.551586    125.76408   -15.097118     1.001923 
   72500    84.550308    125.76218   -15.095217    1.0019929 
   72600    84.549029    125.76027   -15.093314    1.0020629 
   72700    84.547748    125.75837   -15.091408     1.002133 
   72800    84.546465    125.75646     -15.0895    1.0022032 
   72900     84.54518    125.75455   -15.087589    1.0022736 
   73000    84.543893    125.75263   -15.085676     1.002344 
   73100    84.542605    125.75072    -15.08376    1.0024146 
   73200    84.541315     125.7488   -15.081841    1.0024852 
   73300    84.540024    125.74688    -15.07992     1.002556 
   73400    84.538731    125.74495   -15.077996    1.0026269 
   73500    84.537435    125.74303    -15.07607    1.0026979 
   73600    84.536139     125.7411   -15.074141     1.002769 
   73700     84.53484    125.73917    -15.07221    1.0028402 
   73800     84.53354    125.73723   -15.070276    1.0029115 
   73900    84.532238     125.7353    -15.06834     1.002983 
   74000    84.530935    125.73336   -15.066401    1.0030545 
   74100     84.52963    125.73142   -15.064459    1.0031261 
   74200    84.528323    125.72947   -15.062516    1.0031979 
   74300    84.527014    125.72753   -15.060569    1.0032697 
   74400    84.525704    125.72558    -15.05862    1.0033417 
   74500    84.524392    125.72363   -15.056669    1.0034138 
   74600    84.523078    125.72167   -15.054715    1.0034859 
   74700    84.521763    125.71972   -15.052706    1.0035594 
   74800    84.520446    125.71776   -15.050747    1.0036318 
   74900    84.519127     125.7158   -15.048786    1.0037043 
   75000    84.517807    125.71383   -15.046822    1.0037769 
   75100    84.516485    125.71187   -15.044855    1.0038496 
   75200    84.515161     125.7099   -15.042886    1.0039224 
   75300    84.513836    125.70793   -15.040915    1.0039953 
   75400    84.512509    125.70595   -15.038941    1.0040683 
   75500     84.51118    125.70398   -15.036965    1.0041414 
   75600     84.50985      125.702   -15.034987    1.0042146 
   75700    84.508518    125.70002   -15.033005     1.004288 
   75800    84.507185    125.69803   -15.031022    1.0043614 
   75900    84.505849    125.69605   -15.029036    1.0044349 
   76000    84.504513    125.69406   -15.027047    1.0045085 
   76100    84.503174    125.69207   -15.025057    1.0045822 
   76200    84.501834    125.69007   -15.023063    1.0046561 
   76300    84.500492    125.68808   -15.021068      1.00473 
   76400    84.499149    125.68608    -15.01907     1.004804 
   76500    84.497804    125.68408   -15.017069    1.0048781 
   76600    84.496458    125.68208   -15.015066    1.0049523 
   76700    84.495109    125.68007   -15.013061    1.0050267 
   76800     84.49376    125.67806   -15.011053    1.0051011 
   76900    84.492408    125.67605   -15.009043    1.0051756 
   77000    84.491055    125.67404   -15.007031    1.0052502 
   77100    84.489701    125.67203   -15.005016    1.0053249 
   77200    84.488345    125.67001   -15.002999    1.0053997 
   77300    84.486987    125.66799   -15.000979    1.0054746 
   77400    84.485627    125.66597   -14.998957    1.0055496 
   77500    84.484267    125.66394   -14.996933    1.0056247 
   77600    84.482904    125.66192   -14.994906    1.0056999 
   77700     84.48154    125.65989   -14.992877    1.0057752 
   77800    84.480174    125.65786   -14.990846    1.0058506 
   77900    84.478807    125.65582   -14.988812    1.0059261 
   78000    84.477438    125.65379   -14.986776    1.0060017 
   78100    84.476068    125.65175   -14.984738    1.0060773 
   78200    84.474696    125.64971   -14.982698    1.0061531 
   78300    84.473323    125.64767   -14.980655     1.006229 
   78400    84.471948    125.64562    -14.97861    1.0063049 
   78500    84.470571    125.64357   -14.976562     1.006381 
   78600    84.469193    125.64152   -14.974512    1.0064571 
   78700    84.467814    125.63947    -14.97246    1.0065333 
   78800    84.466432    125.63742   -14.970406    1.0066096 
   78900     84.46505    125.63536   -14.968349     1.006686 
   79000    84.463666     125.6333   -14.966291    1.0067625 
   79100     84.46228    125.63124   -14.964229    1.0068391 
   79200    84.460893    125.62918   -14.962166    1.0069158 
   79300    84.459504    125.62711     -14.9601    1.0069926 
   79400    84.458114    125.62504   -14.958033    1.0070694 
   79500    84.456722    125.62297   -14.955963    1.0071464 
   79600    84.455329     125.6209    -14.95389    1.0072234 
   79700    84.453934    125.61883   -14.951816    1.0073005 
   79800    84.452538    125.61675   -14.949739    1.0073777 
   79900     84.45114    125.61467    -14.94766     1.007455 
   80000    84.449741    125.61259   -14.945579    1.0075324 
   80100    84.448341    125.61051   -14.943496    1.0076099 
   80200    84.446938    125.60842    -14.94141    1.0076875 
   80300    84.445535    125.60633   -14.939322    1.0077651 
   80400     84.44413    125.60424   -14.937233    1.0078428 
   80500    84.442723    125.60215   -14.935141    1.0079206 
   80600    84.441315    125.60006   -14.933046    1.0079985 
   80700    84.439906    125.59796    -14.93095    1.0080765 
   80800    84.438495    125.59586   -14.928852    1.0081546 
   80900    84.437083    125.59376   -14.926751    1.0082327 
   81000    84.435669    125.59166   -14.924648     1.008311 
   81100    84.434254    125.58955   -14.922543    1.0083893 
   81200    84.432838    125.58745   -14.920436    1.0084677 
   81300     84.43142    125.58534   -14.918327    1.0085461 
   81400        84.43    125.58323   -14.916216    1.0086247 
   81500     84.42858    125.58111   -14.914103    1.0087033 
   81600    84.427157      125.579   -14.911987     1.008782 
   81700    84.425734    125.57688    -14.90987    1.0088608 
   81800    84.424309    125.57476   -14.907751    1.0089397 
   81900    84.422883    125.57264   -14.905629    1.0090187 
   82000    84.421455    125.57052   -14.903505    1.0090977 
   82100    84.420026    125.56839    -14.90138    1.0091768 
   82200    84.418595    125.56626   -14.899252     1.009256 
   82300    84.417163    125.56413   -14.897122    1.0093352 
   82400     84.41573      125.562    -14.89499    1.0094146 
   82500    84.414296    125.55987   -14.892909    1.0094928 
   82600     84.41286    125.55773   -14.890773    1.0095723 
   82700    84.411422    125.55559   -14.888635    1.0096518 
   82800    84.409984    125.55345   -14.886495    1.0097315 
   82900    84.408544    125.55131   -14.884354    1.0098112 
   83000    84.407103    125.54917    -14.88221     1.009891 
   83100     84.40566    125.54702   -14.880064    1.0099708 
   83200    84.404216    125.54487   -14.877916    1.0100508 
   83300    84.402771    125.54273   -14.875767    1.0101308 
   83400    84.401324    125.54057   -14.873615    1.0102109 
   83500    84.399876    125.53842   -14.871461     1.010291 
   83600    84.398427    125.53626   -14.869306    1.0103712 
   83700    84.396977    125.53411   -14.867149    1.0104515 
   83800    84.395525    125.53195   -14.864989    1.0105319 
   83900    84.394072    125.52979   -14.862828    1.0106123 
   84000    84.392618    125.52762   -14.860665    1.0106928 
   84100    84.391162    125.52546     -14.8585    1.0107734 
   84200    84.389706    125.52329   -14.856333     1.010854 
   84300    84.388247    125.52112   -14.854164    1.0109347 
   84400    84.386788    125.51895   -14.851993    1.0110155 
   84500    84.385328    125.51678   -14.849821    1.0110963 
   84600    84.383866    125.51461   -14.847647    1.0111772 
   84700    84.382403    125.51243    -14.84547    1.0112582 
   84800    84.380938    125.51025   -14.843292    1.0113392 
   84900    84.379473    125.50807   -14.841113    1.0114203 
   85000    84.378006    125.50589   -14.838931    1.0115015 
   85100    84.376538    125.50371   -14.836748    1.0115827 
   85200    84.375069    125.50152   -14.834562     1.011664 
   85300    84.373599    125.49933   -14.832375    1.0117454 
   85400    84.372127    125.49715   -14.830186    1.0118268 
   85500    84.370654    125.49495   -14.827996    1.0119083 
   85600    84.369181    125.49276   -14.825804    1.0119898 
   85700    84.367705    125.49057    -14.82361    1.0120714 
   85800    84.366229    125.48837   -14.821414    1.0121531 
   85900    84.364752    125.48617   -14.819216    1.0122348 
   86000    84.363273    125.48398   -14.817017    1.0123166 
   86100    84.361794    125.48177   -14.814816    1.0123984 
   86200    84.360313    125.47957   -14.812613    1.0124803 
   86300    84.358831    125.47737   -14.810409    1.0125622 
   86400    84.357348    125.47516   -14.808203    1.0126442 
   86500    84.355863    125.47295   -14.805995    1.0127263 
   86600    84.354378    125.47074   -14.803786    1.0128084 
   86700    84.352891    125.46853   -14.801575    1.0128906 
   86800    84.351404    125.46632   -14.799362    1.0129728 
   86900    84.349915    125.46411   -14.797148    1.0130551 
   87000    84.348425    125.46189   -14.794932    1.0131374 
   87100    84.346935    125.45967   -14.792714    1.0132198 
   87200    84.345443    125.45745   -14.790495    1.0133022 
   87300     84.34395    125.45523   -14.788274    1.0133847 
   87400    84.342455    125.45301   -14.786052    1.0134673 
   87500     84.34096    125.45079   -14.783828    1.0135499 
   87600    84.339464    125.44856   -14.781603    1.0136325 
   87700    84.337967    125.44633   -14.779376    1.0137152 
   87800    84.336469    125.44411   -14.777147    1.0137979 
   87900    84.334969    125.44188   -14.774917    1.0138807 
   88000    84.333469    125.43964   -14.772685    1.0139636 
   88100    84.331968    125.43741   -14.770452    1.0140465 
   88200    84.330465    125.43518   -14.768218    1.0141294 
   88300    84.328962    125.43294   -14.765929    1.0142136 
   88400    84.327458     125.4307   -14.763691    1.0142966 
   88500    84.325952    125.42846   -14.761452    1.0143797 
   88600    84.324446    125.42622   -14.759212    1.0144628 
   88700    84.322939    125.42398    -14.75697     1.014546 
   88800     84.32143    125.42174   -14.754726    1.0146292 
   88900    84.319921    125.41949   -14.752482    1.0147124 
   89000    84.318411    125.41725   -14.750235    1.0147957 
   89100      84.3169      125.415   -14.747988     1.014879 
   89200    84.315388    125.41275   -14.745738    1.0149624 
   89300    84.313875     125.4105   -14.743488    1.0150458 
   89400    84.312361    125.40825   -14.741236    1.0151292 
   89500    84.310846    125.40599   -14.738983    1.0152127 
   89600     84.30933    125.40374   -14.736728    1.0152963 
   89700    84.307814    125.40148   -14.734472    1.0153798 
   89800    84.306296    125.39923   -14.732215    1.0154634 
   89900    84.304778    125.39697   -14.729957     1.015547 
   90000    84.303258    125.39471   -14.727697    1.0156307 
   90100    84.301738    125.39245   -14.725436    1.0157144 
   90200    84.300217    125.39018   -14.723173    1.0157982 
   90300    84.298695    125.38792   -14.720909    1.0158819 
   90400    84.297172    125.38566   -14.718644    1.0159658 
   90500    84.295649    125.38339   -14.716378    1.0160496 
   90600    84.294124    125.38112   -14.714111    1.0161335 
   90700    84.292599    125.37885   -14.711842    1.0162174 
   90800    84.291073    125.37658   -14.709572    1.0163013 
   90900    84.289546    125.37431   -14.707301    1.0163853 
   91000    84.288018    125.37204   -14.705029    1.0164693 
   91100     84.28649    125.36977   -14.702755    1.0165533 
   91200    84.284961    125.36749    -14.70048    1.0166374 
   91300    84.283431    125.36522   -14.698205    1.0167215 
   91400      84.2819    125.36294   -14.695928    1.0168056 
   91500    84.280368    125.36066    -14.69365    1.0168897 
   91600    84.278836    125.35838    -14.69137    1.0169739 
   91700    84.277303     125.3561    -14.68909    1.0170581 
   91800    84.275769    125.35382   -14.686808    1.0171423 
   91900    84.274234    125.35154   -14.684526    1.0172265 
   92000    84.272699    125.34925   -14.682295    1.0173095 
   92100    84.271163    125.34697    -14.68001    1.0173938 
   92200    84.269626    125.34468   -14.677724    1.0174781 
   92300    84.268089     125.3424   -14.675438    1.0175625 
   92400    84.266551    125.34011    -14.67315    1.0176468 
   92500    84.265012    125.33782   -14.670861    1.0177312 
   92600    84.263473    125.33553   -14.668571    1.0178156 
   92700    84.261933    125.33324    -14.66628       1.0179 
   92800    84.260392    125.33095   -14.663989    1.0179844 
   92900     84.25885    125.32865   -14.661696    1.0180688 
   93000    84.257308    125.32636   -14.659402    1.0181533 
   93100    84.255766    125.32407   -14.657107    1.0182378 
   93200    84.254222    125.32177   -14.654812    1.0183223 
   93300    84.252678    125.31947   -14.652515    1.0184068 
   93400    84.251134    125.31718   -14.650218    1.0184913 
   93500    84.249589    125.31488    -14.64792    1.0185758 
   93600    84.248043    125.31258   -14.645621    1.0186604 
   93700    84.246497    125.31028   -14.643321    1.0187449 
   93800     84.24495    125.30798    -14.64102    1.0188295 
   93900    84.243402    125.30568   -14.638718    1.0189141 
   94000    84.241854    125.30337   -14.636416    1.0189987 
   94100    84.240306    125.30107   -14.634112    1.0190833 
   94200    84.238757    125.29877   -14.631808    1.0191679 
   94300    84.237207    125.29646   -14.629503    1.0192525 
   94400    84.235657    125.29416   -14.627198    1.0193371 
   94500    84.234106    125.29185   -14.624891    1.0194217 
   94600    84.232555    125.28954   -14.622584    1.0195064 
   94700    84.231004    125.28723   -14.620276     1.019591 
   94800    84.229452    125.28493   -14.617967    1.0196757 
   94900    84.227899    125.28262   -14.615658    1.0197603 
   95000    84.226346    125.28031   -14.613348     1.019845 
   95100    84.224792      125.278   -14.611037    1.0199296 
   95200    84.223239    125.27568   -14.608726    1.0200143 
   95300    84.221684    125.27337   -14.606414    1.0200989 
   95400    84.220129    125.27106   -14.604101    1.0201836 
   95500    84.218574    125.26875   -14.601788    1.0202682 
   95600    84.217018    125.26643   -14.599474    1.0203529 
   95700    84.215462    125.26412    -14.59716    1.0204375 
   95800    84.213906     125.2618   -14.594844    1.0205222 
   95900    84.212349    125.25949   -14.592529    1.0206068 
   96000    84.210792    125.25717   -14.590213    1.0206915 
   96100    84.209234    125.25485   -14.587896    1.0207761 
   96200    84.207677    125.25254   -14.585579    1.0208607 
   96300    84.206118    125.25022   -14.583261    1.0209454 
   96400     84.20456     125.2479   -14.580943      1.02103 
   96500    84.203001    125.24558   -14.578571    1.0211158 
   96600    84.201442    125.24326   -14.576252    1.0212004 
   96700    84.199882    125.24094   -14.573932     1.021285 
   96800    84.198322    125.23862   -14.571612    1.0213696 
   96900    84.196762     125.2363   -14.569292    1.0214542 
   97000    84.195202    125.23398   -14.566971    1.0215387 
   97100    84.193641    125.23166   -14.564649    1.0216233 
   97200     84.19208    125.22934   -14.562328    1.0217078 
   97300    84.190519    125.22702   -14.560005    1.0217923 
   97400    84.188957    125.22469   -14.557683    1.0218768 
   97500    84.187396    125.22237    -14.55536    1.0219613 
   97600    84.185834    125.22005   -14.553037    1.0220458 
   97700    84.184272    125.21772   -14.550713    1.0221302 
   97800     84.18271     125.2154    -14.54839    1.0222147 
   97900    84.181147    125.21308   -14.546066    1.0222991 
   98000    84.179584    125.21075   -14.543741    1.0223835 
   98100    84.178022    125.20843   -14.541417    1.0224679 
   98200    84.176459     125.2061   -14.539092    1.0225522 
   98300    84.174895    125.20378   -14.536767    1.0226366 
   98400    84.173332    125.20145   -14.534441    1.0227209 
   98500    84.171769    125.19913   -14.532116    1.0228052 
   98600    84.170205     125.1968    -14.52979    1.0228895 
   98700    84.168641    125.19448   -14.527465    1.0229737 
   98800    84.167078    125.19215   -14.525139    1.0230579 
   98900    84.165514    125.18982   -14.522812    1.0231421 
   99000     84.16395     125.1875   -14.520486    1.0232263 
   99100    84.162386    125.18517    -14.51816    1.0233104 
   99200    84.160822    125.18284   -14.515833    1.0233945 
   99300    84.159258    125.18052   -14.513507    1.0234786 
   99400    84.157694    125.17819    -14.51118    1.0235627 
   99500    84.156129    125.17586   -14.508854    1.0236467 
   99600    84.154565    125.17354   -14.506527    1.0237307 
   99700    84.153001    125.17121     -14.5042    1.0238146 
   99800    84.151437    125.16888   -14.501874    1.0238986 
   99900    84.149872    125.16656   -14.499547    1.0239825 
  100000    84.148308    125.16423    -14.49722    1.0240663 
