#Step Temp KinEng PotEng Press 
       0           86    127.91848    -15.76389   0.99798053 
     100    85.999999    127.91848   -15.763889   0.99795281 
     200    85.999997    127.91848   -15.763886   0.99792522 
     300    85.999993    127.91847    -15.76388   0.99789776 
     400    85.999987    127.91846   -15.763871   0.99787044 
     500     85.99998    127.91845    -15.76386   0.99784326 
     600    85.999971    127.91844   -15.763847   0.99781621 
     700    85.999961    127.91842   -15.763831   0.99778929 
     800    85.999948    127.91841   -15.763813   0.99776251 
     900    85.999935    127.91839   -15.763793   0.99773587 
    1000    85.999919    127.91836    -15.76377   0.99770936 
    1100    85.999902    127.91834   -15.763744   0.99768299 
    1200    85.999883    127.91831   -15.763716   0.99765675 
    1300    85.999863    127.91828   -15.763686   0.99763064 
    1400    85.999841    127.91825   -15.763653   0.99760467 
    1500    85.999817    127.91821   -15.763618   0.99757884 
    1600    85.999791    127.91817    -15.76358   0.99755314 
    1700    85.999764    127.91813    -15.76354   0.99752758 
    1800    85.999736    127.91809   -15.763497   0.99750215 
    1900    85.999706    127.91804   -15.763452   0.99747685 
    2000    85.999674      127.918   -15.763405   0.99745169 
    2100     85.99964    127.91795   -15.763355   0.99742667 
    2200    85.999605    127.91789   -15.763302   0.99740178 
    2300    85.999568    127.91784   -15.763247   0.99737703 
    2400    85.999529    127.91778    -15.76319   0.99735241 
    2500    85.999489    127.91772    -15.76313   0.99732793 
    2600    85.999447    127.91766   -15.763068   0.99730358 
    2700    85.999404     127.9176   -15.763003   0.99727936 
    2800    85.999359    127.91753   -15.762936   0.99725528 
    2900    85.999312    127.91746   -15.762867   0.99723134 
    3000    85.999264    127.91739   -15.762795   0.99720753 
    3100    85.999214    127.91731   -15.762721   0.99718386 
    3200    85.999162    127.91724   -15.762644   0.99716032 
    3300    85.999109    127.91716   -15.762564   0.99713692 
    3400    85.999054    127.91708   -15.762483   0.99711365 
    3500    85.998997    127.91699   -15.762399   0.99709052 
    3600    85.998939     127.9169   -15.762312   0.99706752 
    3700    85.998879    127.91682   -15.762223   0.99704466 
    3800    85.998818    127.91672   -15.762131   0.99702193 
    3900    85.998754    127.91663   -15.762037   0.99699934 
    4000     85.99869    127.91653   -15.761941   0.99697688 
    4100    85.998623    127.91643   -15.761842   0.99695456 
    4200    85.998555    127.91633   -15.761741   0.99693237 
    4300    85.998485    127.91623   -15.761637   0.99691032 
    4400    85.998414    127.91612   -15.761531    0.9968884 
    4500    85.998341    127.91601   -15.761422   0.99686662 
    4600    85.998266     127.9159   -15.761311   0.99684497 
    4700     85.99819    127.91579   -15.761198   0.99682346 
    4800    85.998112    127.91567   -15.761082   0.99680209 
    4900    85.998032    127.91556   -15.760964   0.99678085 
    5000    85.997951    127.91544   -15.760843   0.99675974 
    5100    85.997868    127.91531   -15.760719   0.99673877 
    5200    85.997784    127.91519   -15.760594   0.99671793 
    5300    85.997698    127.91506   -15.760466   0.99669723 
    5400     85.99761    127.91493   -15.760335   0.99667667 
    5500     85.99752    127.91479   -15.760202   0.99665624 
    5600    85.997429    127.91466   -15.760066   0.99663594 
    5700    85.997337    127.91452   -15.759928   0.99661579 
    5800    85.997242    127.91438   -15.759788   0.99659576 
    5900    85.997146    127.91424   -15.759645   0.99657587 
    6000    85.997049    127.91409     -15.7595   0.99655612 
    6100    85.996949    127.91394   -15.759352    0.9965365 
    6200    85.996848    127.91379   -15.759202   0.99651702 
    6300    85.996746    127.91364   -15.759049   0.99649767 
    6400    85.996641    127.91349   -15.758894   0.99647846 
    6500    85.996536    127.91333   -15.758737   0.99645938 
    6600    85.996428    127.91317   -15.758577   0.99644044 
    6700    85.996319    127.91301   -15.758415   0.99642163 
    6800    85.996208    127.91284    -15.75825   0.99640296 
    6900    85.996096    127.91267   -15.758082   0.99638442 
    7000    85.995981    127.91251   -15.757913   0.99636602 
    7100    85.995866    127.91233   -15.757741   0.99634776 
    7200    85.995748    127.91216   -15.757566   0.99632963 
    7300    85.995629    127.91198   -15.757389   0.99631163 
    7400    85.995509     127.9118   -15.757209   0.99629377 
    7500    85.995386    127.91162   -15.757027   0.99627605 
    7600    85.995262    127.91144   -15.756843   0.99625846 
    7700    85.995137    127.91125   -15.756656   0.99624101 
    7800    85.995009    127.91106   -15.756467   0.99622369 
    7900     85.99488    127.91087   -15.756275   0.99620651 
    8000     85.99475    127.91067   -15.756081   0.99618946 
    8100    85.994618    127.91048   -15.755884   0.99617255 
    8200    85.994484    127.91028   -15.755685   0.99615577 
    8300    85.994348    127.91008   -15.755484   0.99613913 
    8400    85.994211    127.90987    -15.75528   0.99612262 
    8500    85.994072    127.90967   -15.755073   0.99610625 
    8600    85.993932    127.90946   -15.754864   0.99609002 
    8700     85.99379    127.90925   -15.754653   0.99607392 
    8800    85.993646    127.90903   -15.754439   0.99605796 
    8900    85.993501    127.90882   -15.754223   0.99604213 
    9000    85.993354     127.9086   -15.754004   0.99602644 
    9100    85.993205    127.90838   -15.753783   0.99601088 
    9200    85.993055    127.90815    -15.75356   0.99599546 
    9300    85.992903    127.90793   -15.753334   0.99598017 
    9400    85.992749     127.9077   -15.753105   0.99596502 
    9500    85.992594    127.90747   -15.752874   0.99595001 
    9600    85.992437    127.90723   -15.752693   0.99593389 
    9700    85.992279      127.907   -15.752457   0.99591915 
    9800    85.992118    127.90676   -15.752219   0.99590454 
    9900    85.991957    127.90652   -15.751978   0.99589007 
   10000    85.991793    127.90628   -15.751735   0.99587573 
   10100    85.991628    127.90603    -15.75149   0.99586153 
   10200    85.991461    127.90578   -15.751241   0.99584746 
   10300    85.991293    127.90553   -15.750991   0.99583353 
   10400    85.991123    127.90528   -15.750738   0.99581974 
   10500    85.990951    127.90502   -15.750482   0.99580608 
   10600    85.990777    127.90476   -15.750225   0.99579256 
   10700    85.990602     127.9045   -15.749964   0.99577917 
   10800    85.990426    127.90424   -15.749701   0.99576592 
   10900    85.990247    127.90398   -15.749436    0.9957528 
   11000    85.990067    127.90371   -15.749168   0.99573982 
   11100    85.989886    127.90344   -15.748898   0.99572698 
   11200    85.989702    127.90317   -15.748626   0.99571427 
   11300    85.989517    127.90289    -15.74835   0.99570169 
   11400    85.989331    127.90261   -15.748073   0.99568926 
   11500    85.989143    127.90233   -15.747793   0.99567696 
   11600    85.988953    127.90205    -15.74751   0.99566479 
   11700    85.988761    127.90177   -15.747225   0.99565276 
   11800    85.988568    127.90148   -15.746938   0.99564087 
   11900    85.988373    127.90119   -15.746648   0.99562911 
   12000    85.988177     127.9009   -15.746356   0.99561749 
   12100    85.987978     127.9006   -15.746061     0.995606 
   12200    85.987778     127.9003   -15.745764   0.99559465 
   12300    85.987577        127.9   -15.745464   0.99558343 
   12400    85.987374     127.8997   -15.745162   0.99557235 
   12500    85.987169     127.8994   -15.744857   0.99556141 
   12600    85.986963    127.89909    -15.74455   0.99555061 
   12700    85.986755    127.89878   -15.744241   0.99553993 
   12800    85.986545    127.89847   -15.743929    0.9955294 
   12900    85.986333    127.89815   -15.743614     0.995519 
   13000     85.98612    127.89784   -15.743297   0.99550874 
   13100    85.985906    127.89752    -15.74303   0.99549738 
   13200    85.985689     127.8972   -15.742709   0.99548739 
   13300    85.985471    127.89687   -15.742384   0.99547753 
   13400    85.985251    127.89655   -15.742058   0.99546781 
   13500     85.98503    127.89622   -15.741728   0.99545823 
   13600    85.984807    127.89588   -15.741397   0.99544878 
   13700    85.984582    127.89555   -15.741062   0.99543947 
   13800    85.984356    127.89521   -15.740726    0.9954303 
   13900    85.984128    127.89487   -15.740387   0.99542126 
   14000    85.983898    127.89453   -15.740045   0.99541236 
   14100    85.983667    127.89419   -15.739701   0.99540359 
   14200    85.983434    127.89384   -15.739354   0.99539496 
   14300      85.9832    127.89349   -15.739005   0.99538647 
   14400    85.982963    127.89314   -15.738654   0.99537811 
   14500    85.982725    127.89279     -15.7383   0.99536989 
   14600    85.982486    127.89243   -15.737944    0.9953618 
   14700    85.982244    127.89207   -15.737585   0.99535385 
   14800    85.982001    127.89171   -15.737223   0.99534604 
   14900    85.981757    127.89135    -15.73686   0.99533836 
   15000    85.981511    127.89098   -15.736493   0.99533082 
   15100    85.981263    127.89061   -15.736124   0.99532342 
   15200    85.981013    127.89024   -15.735753   0.99531615 
   15300    85.980762    127.88987   -15.735379   0.99530902 
   15400    85.980509    127.88949   -15.735003   0.99530203 
   15500    85.980254    127.88911   -15.734625   0.99529517 
   15600    85.979998    127.88873   -15.734243   0.99528845 
   15700     85.97974    127.88835    -15.73386   0.99528186 
   15800     85.97948    127.88796   -15.733474   0.99527541 
   15900    85.979219    127.88757   -15.733085    0.9952691 
   16000    85.978956    127.88718   -15.732694   0.99526293 
   16100    85.978692    127.88679     -15.7323   0.99525689 
   16200    85.978425    127.88639   -15.731904   0.99525098 
   16300    85.978158    127.88599   -15.731506   0.99524522 
   16400    85.977888    127.88559   -15.731105   0.99523959 
   16500    85.977617    127.88519   -15.730701   0.99523409 
   16600    85.977344    127.88478   -15.730295   0.99522874 
   16700    85.977069    127.88437   -15.729887   0.99522352 
   16800    85.976793    127.88396   -15.729476   0.99521843 
   16900    85.976515    127.88355   -15.729063   0.99521349 
   17000    85.976235    127.88313   -15.728647   0.99520868 
   17100    85.975954    127.88272   -15.728228     0.995204 
   17200    85.975671     127.8823   -15.727807   0.99519947 
   17300    85.975386    127.88187   -15.727384   0.99519507 
   17400      85.9751    127.88145   -15.726958    0.9951908 
   17500    85.974812    127.88102    -15.72653   0.99518668 
   17600    85.974523    127.88059   -15.726099   0.99518269 
   17700    85.974231    127.88015   -15.725666   0.99517883 
   17800    85.973938    127.87972    -15.72523   0.99517512 
   17900    85.973644    127.87928   -15.724792   0.99517154 
   18000    85.973347    127.87884   -15.724351   0.99516809 
   18100    85.973049     127.8784   -15.723908   0.99516479 
   18200    85.972749    127.87795   -15.723462   0.99516162 
   18300    85.972448     127.8775   -15.723013   0.99515859 
   18400    85.972145    127.87705   -15.722563   0.99515569 
   18500     85.97184     127.8766   -15.722109   0.99515294 
   18600    85.971534    127.87614   -15.721654   0.99515031 
   18700    85.971226    127.87568   -15.721195   0.99514783 
   18800    85.970916    127.87522   -15.720735   0.99514548 
   18900    85.970604    127.87476   -15.720271   0.99514327 
   19000    85.970291    127.87429   -15.719806    0.9951412 
   19100    85.969977    127.87382   -15.719337   0.99513926 
   19200     85.96966    127.87335   -15.718866   0.99513746 
   19300    85.969342    127.87288   -15.718393    0.9951358 
   19400    85.969022    127.87241   -15.717917   0.99513428 
   19500      85.9687    127.87193   -15.717439   0.99513289 
   19600    85.968377    127.87145   -15.716958   0.99513164 
   19700    85.968052    127.87096   -15.716475   0.99513053 
   19800    85.967726    127.87048   -15.715989   0.99512955 
   19900    85.967397    127.86999   -15.715501   0.99512871 
   20000    85.967067     127.8695    -15.71501   0.99512801 
   20100    85.966736      127.869   -15.714517   0.99512745 
   20200    85.966402    127.86851   -15.714021   0.99512702 
   20300    85.966067    127.86801   -15.713523   0.99512673 
   20400    85.965731    127.86751   -15.713022   0.99512658 
   20500    85.965392    127.86701   -15.712518   0.99512656 
   20600    85.965052     127.8665   -15.712013   0.99512669 
   20700     85.96471    127.86599   -15.711504   0.99512695 
   20800    85.964367    127.86548   -15.710993   0.99512734 
   20900    85.964022    127.86497    -15.71048   0.99512788 
   21000    85.963675    127.86445   -15.709964   0.99512855 
   21100    85.963326    127.86393   -15.709446   0.99512936 
   21200    85.962976    127.86341   -15.708925   0.99513031 
   21300    85.962624    127.86289   -15.708401   0.99513139 
   21400     85.96227    127.86236   -15.707875   0.99513261 
   21500    85.961915    127.86183   -15.707347   0.99513397 
   21600    85.961558     127.8613   -15.706815   0.99513547 
   21700    85.961199    127.86077   -15.706282   0.99513711 
   21800    85.960839    127.86023   -15.705746   0.99513888 
   21900    85.960477    127.85969   -15.705207   0.99514079 
   22000    85.960113    127.85915   -15.704666   0.99514284 
   22100    85.959748    127.85861   -15.704122   0.99514502 
   22200     85.95938    127.85806   -15.703576   0.99514735 
   22300    85.959011    127.85752   -15.703027   0.99514981 
   22400    85.958641    127.85696   -15.702476   0.99515241 
   22500    85.958268    127.85641   -15.701922   0.99515514 
   22600    85.957894    127.85585   -15.701366   0.99515802 
   22700    85.957519    127.85529   -15.700807   0.99516103 
   22800    85.957141    127.85473   -15.700246   0.99516418 
   22900    85.956762    127.85417   -15.699682   0.99516747 
   23000    85.956381     127.8536   -15.699116    0.9951709 
   23100    85.955999    127.85303   -15.698547   0.99517446 
   23200    85.955615    127.85246   -15.697975   0.99517816 
   23300    85.955229    127.85189   -15.697401     0.995182 
   23400    85.954841    127.85131   -15.696825   0.99518598 
   23500    85.954452    127.85073   -15.696245    0.9951901 
   23600    85.954061    127.85015   -15.695664   0.99519435 
   23700    85.953668    127.84957    -15.69508   0.99519874 
   23800    85.953274    127.84898   -15.694493   0.99520327 
   23900    85.952877    127.84839   -15.693904   0.99520794 
   24000    85.952479     127.8478   -15.693312   0.99521275 
   24100     85.95208     127.8472   -15.692717   0.99521769 
   24200    85.951679    127.84661    -15.69212   0.99522277 
   24300    85.951276    127.84601   -15.691521   0.99522799 
   24400    85.950871    127.84541   -15.690919   0.99523335 
   24500    85.950464     127.8448   -15.690314   0.99523885 
   24600    85.950056    127.84419   -15.689707   0.99524449 
   24700    85.949646    127.84359   -15.689098   0.99525026 
   24800    85.949235    127.84297   -15.688485   0.99525617 
   24900    85.948821    127.84236   -15.687871   0.99526222 
   25000    85.948406    127.84174   -15.687253   0.99526841 
   25100     85.94799    127.84112   -15.686634   0.99527474 
   25200    85.947571     127.8405   -15.686011   0.99528121 
   25300    85.947151    127.83987   -15.685386   0.99528781 
   25400    85.946729    127.83925   -15.684759   0.99529455 
   25500    85.946306    127.83862   -15.684129   0.99530144 
   25600     85.94588    127.83798   -15.683496   0.99530846 
   25700    85.945453    127.83735   -15.682861   0.99531561 
   25800    85.945024    127.83671   -15.682223   0.99532291 
   25900    85.944594    127.83607   -15.681583   0.99533035 
   26000    85.944162    127.83543    -15.68094   0.99533792 
   26100    85.943728    127.83478   -15.680294   0.99534563 
   26200    85.943292    127.83413   -15.679646   0.99535348 
   26300    85.942855    127.83348   -15.678996   0.99536147 
   26400    85.942416    127.83283   -15.678342    0.9953696 
   26500    85.941975    127.83217   -15.677687   0.99537787 
   26600    85.941532    127.83152   -15.677028   0.99538628 
   26700    85.941088    127.83086   -15.676368   0.99539482 
   26800    85.940642    127.83019   -15.675704   0.99540351 
   26900    85.940194    127.82953   -15.675038   0.99541233 
   27000    85.939745    127.82886    -15.67437   0.99542129 
   27100    85.939293    127.82819   -15.673698   0.99543039 
   27200     85.93884    127.82751   -15.673025   0.99543963 
   27300    85.938386    127.82684   -15.672348   0.99544901 
   27400    85.937929    127.82616   -15.671669   0.99545853 
   27500    85.937471    127.82548   -15.670988   0.99546818 
   27600    85.937011    127.82479   -15.670304   0.99547798 
   27700     85.93655     127.8241   -15.669617   0.99548791 
   27800    85.936086    127.82342   -15.668928   0.99549798 
   27900    85.935621    127.82272   -15.668236    0.9955082 
   28000    85.935154    127.82203   -15.667542   0.99551855 
   28100    85.934686    127.82133   -15.666845   0.99552904 
   28200    85.934215    127.82063   -15.666145   0.99553967 
   28300    85.933743    127.81993   -15.665443   0.99555044 
   28400     85.93327    127.81923   -15.664739   0.99556134 
   28500    85.932794    127.81852   -15.664031   0.99557239 
   28600    85.932317    127.81781   -15.663321   0.99558358 
   28700    85.931838     127.8171   -15.662609    0.9955949 
   28800    85.931357    127.81638   -15.661894   0.99560637 
   28900    85.930875    127.81566   -15.661176   0.99561797 
   29000     85.93039    127.81494   -15.660456   0.99562972 
   29100    85.929904    127.81422   -15.659733    0.9956416 
   29200    85.929417    127.81349   -15.659007   0.99565362 
   29300    85.928927    127.81277   -15.658279   0.99566578 
   29400    85.928436    127.81204   -15.657549   0.99567809 
   29500    85.927943     127.8113   -15.656815   0.99569053 
   29600    85.927448    127.81057   -15.656079   0.99570311 
   29700    85.926952    127.80983   -15.655341   0.99571583 
   29800    85.926453    127.80909     -15.6546   0.99572869 
   29900    85.925953    127.80834   -15.653856   0.99574168 
   30000    85.925452     127.8076    -15.65311   0.99575482 
   30100    85.924948    127.80685   -15.652361    0.9957681 
   30200    85.924443     127.8061   -15.651609   0.99578152 
   30300    85.923936    127.80534   -15.650855   0.99579508 
   30400    85.923427    127.80459   -15.650098   0.99580877 
   30500    85.922916    127.80383   -15.649339   0.99582261 
   30600    85.922404    127.80306   -15.648577   0.99583658 
   30700     85.92189     127.8023   -15.647812    0.9958507 
   30800    85.921374    127.80153   -15.647045   0.99586496 
   30900    85.920857    127.80076   -15.646275   0.99587935 
   31000    85.920337    127.79999   -15.645503   0.99589389 
   31100    85.919816    127.79922   -15.644728   0.99590856 
   31200    85.919294    127.79844    -15.64395   0.99592338 
   31300    85.918769    127.79766    -15.64317   0.99593833 
   31400    85.918243    127.79687   -15.642387   0.99595343 
   31500    85.917714    127.79609   -15.641601   0.99596866 
   31600    85.917184     127.7953   -15.640813   0.99598404 
   31700    85.916653    127.79451   -15.640022   0.99599955 
   31800    85.916119    127.79372   -15.639229   0.99601521 
   31900    85.915584    127.79292   -15.638433     0.996031 
   32000    85.915047    127.79212   -15.637634   0.99604694 
   32100    85.914508    127.79132   -15.636833   0.99606301 
   32200    85.913968    127.79052   -15.636029   0.99607923 
   32300    85.913426    127.78971   -15.635222   0.99609558 
   32400    85.912882     127.7889   -15.634413   0.99611208 
   32500    85.912336    127.78809   -15.633601   0.99612871 
   32600    85.911788    127.78727   -15.632786   0.99614549 
   32700    85.911239    127.78646   -15.631969    0.9961624 
   32800    85.910687    127.78564   -15.631149   0.99617946 
   32900    85.910135    127.78481   -15.630327   0.99619666 
   33000     85.90958    127.78399   -15.629502   0.99621399 
   33100    85.909023    127.78316   -15.628674   0.99623147 
   33200    85.908465    127.78233   -15.627844   0.99624909 
   33300    85.907905     127.7815   -15.627011   0.99626684 
   33400    85.907343    127.78066   -15.626175   0.99628474 
   33500     85.90678    127.77982   -15.625337   0.99630278 
   33600    85.906214    127.77898   -15.624496   0.99632096 
   33700    85.905647    127.77814   -15.623652   0.99633928 
   33800    85.905078    127.77729   -15.622806   0.99635774 
   33900    85.904507    127.77644   -15.621957   0.99637634 
   34000    85.903935    127.77559   -15.621105   0.99639508 
   34100     85.90336    127.77474   -15.620251   0.99641396 
   34200    85.902784    127.77388   -15.619394   0.99643298 
   34300    85.902206    127.77302   -15.618534   0.99645214 
   34400    85.901627    127.77216   -15.617672   0.99647145 
   34500    85.901045    127.77129   -15.616807   0.99649089 
   34600    85.900462    127.77043   -15.615939   0.99651047 
   34700    85.899877    127.76956   -15.615069    0.9965302 
   34800     85.89929    127.76868   -15.614196   0.99655007 
   34900    85.898701    127.76781   -15.613321   0.99657007 
   35000    85.898111    127.76693   -15.612442   0.99659022 
   35100    85.897519    127.76605   -15.611562   0.99661051 
   35200    85.896925    127.76517   -15.610678   0.99663093 
   35300    85.896329    127.76428   -15.609792    0.9966515 
   35400    85.895731    127.76339   -15.608903   0.99667221 
   35500    85.895132     127.7625   -15.608011   0.99669306 
   35600     85.89453     127.7616   -15.607117   0.99671405 
   35700    85.893927    127.76071    -15.60622   0.99673519 
   35800    85.893323    127.75981    -15.60532   0.99675646 
   35900    85.892716    127.75891   -15.604418   0.99677787 
   36000    85.892107      127.758   -15.603513   0.99679943 
   36100    85.891497    127.75709   -15.602605   0.99682113 
   36200    85.890885    127.75618   -15.601695   0.99684296 
   36300    85.890271    127.75527   -15.600782   0.99686494 
   36400    85.889656    127.75435   -15.599866   0.99688706 
   36500    85.889038    127.75344   -15.598948   0.99690932 
   36600    85.888419    127.75251   -15.598026   0.99693172 
   36700    85.887798    127.75159   -15.597103   0.99695426 
   36800    85.887175    127.75066   -15.596176   0.99697695 
   36900     85.88655    127.74973   -15.595247   0.99699977 
   37000    85.885924     127.7488   -15.594315   0.99702273 
   37100    85.885295    127.74787    -15.59338   0.99704584 
   37200    85.884665    127.74693   -15.592443   0.99706909 
   37300    85.884033    127.74599   -15.591503   0.99709248 
   37400    85.883399    127.74505    -15.59056   0.99711601 
   37500    85.882764     127.7441   -15.589615   0.99713968 
   37600    85.882126    127.74315   -15.588667   0.99716349 
   37700    85.881487     127.7422   -15.587716   0.99718744 
   37800    85.880846    127.74125   -15.586763   0.99721154 
   37900    85.880203    127.74029   -15.585806   0.99723577 
   38000    85.879559    127.73934   -15.584848   0.99726015 
   38100    85.878912    127.73837   -15.583886   0.99728467 
   38200    85.878264    127.73741   -15.582922   0.99730933 
   38300    85.877614    127.73644   -15.581954   0.99733413 
   38400    85.876962    127.73547   -15.580985   0.99735907 
   38500    85.876308     127.7345   -15.580012   0.99738416 
   38600    85.875652    127.73352   -15.579037   0.99740938 
   38700    85.874995    127.73255   -15.578059   0.99743475 
   38800    85.874336    127.73157   -15.577079   0.99746026 
   38900    85.873674    127.73058   -15.576095   0.99748591 
   39000    85.873011     127.7296   -15.575109    0.9975117 
   39100    85.872347    127.72861    -15.57412   0.99753763 
   39200     85.87168    127.72762   -15.573129    0.9975637 
   39300    85.871012    127.72662   -15.572135   0.99758992 
   39400    85.870341    127.72563   -15.571138   0.99761628 
   39500    85.869669    127.72463   -15.570138   0.99764278 
   39600    85.868995    127.72362   -15.569136   0.99766942 
   39700     85.86832    127.72262    -15.56813    0.9976962 
   39800    85.867642    127.72161   -15.567122   0.99772312 
   39900    85.866963     127.7206   -15.566112   0.99775018 
   40000    85.866281    127.71959   -15.565099   0.99777739 
   40100    85.865598    127.71857   -15.564082   0.99780474 
   40200    85.864913    127.71755   -15.563064   0.99783223 
   40300    85.864227    127.71653   -15.562042   0.99785986 
   40400    85.863538    127.71551   -15.561018   0.99788763 
   40500    85.862847    127.71448   -15.559991   0.99791554 
   40600    85.862155    127.71345   -15.558961    0.9979436 
   40700    85.861461    127.71242   -15.557929    0.9979718 
   40800    85.860765    127.71138   -15.556893   0.99800014 
   40900    85.860067    127.71034   -15.555855   0.99802862 
   41000    85.859367     127.7093   -15.554815   0.99805724 
   41100    85.858666    127.70826   -15.553771     0.998086 
   41200    85.857962    127.70721   -15.552725   0.99811491 
   41300    85.857257    127.70616   -15.551676   0.99814396 
   41400     85.85655    127.70511   -15.550624   0.99817315 
   41500    85.855841    127.70406    -15.54957   0.99820248 
   41600     85.85513      127.703   -15.548512   0.99823195 
   41700    85.854418    127.70194   -15.547452   0.99826157 
   41800    85.853703    127.70088    -15.54639   0.99829132 
   41900    85.852987    127.69981   -15.545324   0.99832122 
   42000    85.852269    127.69874   -15.544256   0.99835126 
   42100    85.851549    127.69767   -15.543185   0.99838144 
   42200    85.850827     127.6966   -15.542111   0.99841177 
   42300    85.850103    127.69552   -15.541034   0.99844223 
   42400    85.849377    127.69444   -15.539955   0.99847284 
   42500     85.84865    127.69336   -15.538873   0.99850359 
   42600    85.847921    127.69228   -15.537788   0.99853448 
   42700    85.847189    127.69119   -15.536701   0.99856551 
   42800    85.846456     127.6901    -15.53561   0.99859668 
   42900    85.845721      127.689   -15.534517     0.998628 
   43000    85.844985    127.68791   -15.533421   0.99865946 
   43100    85.844246    127.68681   -15.532322   0.99869106 
   43200    85.843505    127.68571   -15.531221    0.9987228 
   43300    85.842763     127.6846   -15.530117   0.99875468 
   43400    85.842019     127.6835    -15.52901   0.99878671 
   43500    85.841273    127.68239     -15.5279   0.99881888 
   43600    85.840525    127.68127   -15.526787   0.99885119 
   43700    85.839775    127.68016   -15.525672   0.99888364 
   43800    85.839023    127.67904   -15.524554   0.99891623 
   43900    85.838269    127.67792   -15.523433   0.99894897 
   44000    85.837514     127.6768   -15.522309   0.99898184 
   44100    85.836757    127.67567   -15.521183   0.99901486 
   44200    85.835997    127.67454   -15.520054   0.99904802 
   44300    85.835236    127.67341   -15.518921   0.99908132 
   44400    85.834473    127.67227   -15.517787   0.99911477 
   44500    85.833709    127.67114   -15.516649   0.99914836 
   44600    85.832942       127.67   -15.515509   0.99918208 
   44700    85.832173    127.66885   -15.514365   0.99921595 
   44800    85.831403    127.66771   -15.513219   0.99924997 
   44900    85.830631    127.66656   -15.512071   0.99928412 
   45000    85.829856    127.66541   -15.510919   0.99931842 
   45100     85.82908    127.66425   -15.509765   0.99935285 
   45200    85.828302     127.6631   -15.508608   0.99938743 
   45300    85.827522    127.66194   -15.507448   0.99942215 
   45400    85.826741    127.66077   -15.506285   0.99945702 
   45500    85.825957    127.65961   -15.505119   0.99949202 
   45600    85.825172    127.65844   -15.503951   0.99952717 
   45700    85.824384    127.65727    -15.50278   0.99956246 
   45800    85.823595    127.65609   -15.501606   0.99959789 
   45900    85.822804    127.65492   -15.500429   0.99963346 
   46000    85.822011    127.65374   -15.499249   0.99966917 
   46100    85.821216    127.65255   -15.498067   0.99970503 
   46200    85.820419    127.65137   -15.496882   0.99974103 
   46300     85.81962    127.65018   -15.495694   0.99977717 
   46400     85.81882    127.64899   -15.494503   0.99981345 
   46500    85.818017     127.6478   -15.493309   0.99984987 
   46600    85.817213     127.6466   -15.492113   0.99988644 
   46700    85.816407     127.6454   -15.490914   0.99992315 
   46800    85.815598     127.6442   -15.489712      0.99996 
   46900    85.814788    127.64299   -15.488507   0.99999699 
   47000    85.813976    127.64179   -15.487299    1.0000341 
   47100    85.813163    127.64058   -15.486088    1.0000714 
   47200    85.812347    127.63936   -15.484875    1.0001088 
   47300    85.811529    127.63815   -15.483659    1.0001464 
   47400     85.81071    127.63693    -15.48244    1.0001841 
   47500    85.809888    127.63571   -15.481218    1.0002219 
   47600    85.809065    127.63448   -15.479994    1.0002599 
   47700     85.80824    127.63325   -15.478766     1.000298 
   47800    85.807413    127.63202   -15.477536    1.0003363 
   47900    85.806584    127.63079   -15.476303    1.0003747 
   48000    85.805753    127.62955   -15.475067    1.0004132 
   48100     85.80492    127.62832   -15.473828    1.0004519 
   48200    85.804085    127.62707   -15.472587    1.0004908 
   48300    85.803249    127.62583   -15.471342    1.0005297 
   48400     85.80241    127.62458   -15.470095    1.0005689 
   48500     85.80157    127.62333   -15.468845    1.0006081 
   48600    85.800727    127.62208   -15.467592    1.0006475 
   48700    85.799883    127.62082   -15.466336    1.0006871 
   48800    85.799037    127.61957   -15.465078    1.0007267 
   48900    85.798189     127.6183   -15.463816    1.0007666 
   49000    85.797339    127.61704   -15.462552    1.0008065 
   49100    85.796487    127.61577   -15.461285    1.0008466 
   49200    85.795633     127.6145   -15.460015    1.0008869 
   49300    85.794778    127.61323   -15.458742    1.0009273 
   49400     85.79392    127.61195   -15.457467    1.0009678 
   49500    85.793061    127.61068   -15.456188    1.0010085 
   49600    85.792199    127.60939   -15.454907    1.0010493 
   49700    85.791336    127.60811   -15.453623    1.0010902 
   49800    85.790471    127.60682   -15.452336    1.0011313 
   49900    85.789604    127.60553   -15.451046    1.0011726 
   50000    85.788735    127.60424   -15.449754     1.001214 
   50100    85.787864    127.60295   -15.448458    1.0012555 
   50200    85.786991    127.60165    -15.44716    1.0012971 
   50300    85.786116    127.60035   -15.445859    1.0013389 
   50400    85.785239    127.59904   -15.444502    1.0013821 
   50500    85.784361    127.59774   -15.443196    1.0014242 
   50600     85.78348    127.59643   -15.441886    1.0014664 
   50700    85.782598    127.59511   -15.440573    1.0015088 
   50800    85.781714     127.5938   -15.439258    1.0015513 
   50900    85.780827    127.59248    -15.43794     1.001594 
   51000    85.779939    127.59116   -15.436619    1.0016367 
   51100    85.779049    127.58983   -15.435295    1.0016797 
   51200    85.778157    127.58851   -15.433968    1.0017227 
   51300    85.777263    127.58718   -15.432638     1.001766 
   51400    85.776367    127.58585   -15.431306    1.0018093 
   51500    85.775469    127.58451    -15.42997    1.0018528 
   51600     85.77457    127.58317   -15.428632    1.0018964 
   51700    85.773668    127.58183   -15.427291    1.0019402 
   51800    85.772765    127.58049   -15.425947    1.0019841 
   51900    85.771859    127.57914     -15.4246    1.0020282 
   52000    85.770952    127.57779    -15.42325    1.0020724 
   52100    85.770042    127.57644   -15.421898    1.0021167 
   52200    85.769131    127.57508   -15.420543    1.0021612 
   52300    85.768218    127.57372   -15.419184    1.0022058 
   52400    85.767303    127.57236   -15.417823    1.0022506 
   52500    85.766386      127.571   -15.416459    1.0022955 
   52600    85.765467    127.56963   -15.415092    1.0023405 
   52700    85.764546    127.56826   -15.413723    1.0023857 
   52800    85.763623    127.56689    -15.41235     1.002431 
   52900    85.762699    127.56551   -15.410975    1.0024765 
   53000    85.761772    127.56414   -15.409596    1.0025221 
   53100    85.760843    127.56276   -15.408215    1.0025679 
   53200    85.759913    127.56137   -15.406831    1.0026137 
   53300    85.758981    127.55998   -15.405444    1.0026598 
   53400    85.758046    127.55859   -15.404055    1.0027059 
   53500     85.75711     127.5572   -15.402662    1.0027522 
   53600    85.756172    127.55581   -15.401266    1.0027987 
   53700    85.755232    127.55441   -15.399868    1.0028453 
   53800     85.75429    127.55301   -15.398467     1.002892 
   53900    85.753346     127.5516   -15.397063    1.0029389 
   54000      85.7524     127.5502   -15.395656    1.0029859 
   54100    85.751452    127.54879   -15.394246     1.003033 
   54200    85.750502    127.54737   -15.392833    1.0030803 
   54300     85.74955    127.54596   -15.391418    1.0031277 
   54400    85.748597    127.54454   -15.389999    1.0031753 
   54500    85.747641    127.54312   -15.388578     1.003223 
   54600    85.746684    127.54169   -15.387154    1.0032708 
   54700    85.745724    127.54027   -15.385727    1.0033188 
   54800    85.744763    127.53884   -15.384297    1.0033669 
   54900      85.7438     127.5374   -15.382864    1.0034152 
   55000    85.742834    127.53597   -15.381428    1.0034636 
   55100    85.741867    127.53453    -15.37999    1.0035121 
   55200    85.740898    127.53309   -15.378548    1.0035608 
   55300    85.739927    127.53164   -15.377104    1.0036096 
   55400    85.738954     127.5302   -15.375657    1.0036586 
   55500    85.737979    127.52875   -15.374207    1.0037077 
   55600    85.737003    127.52729   -15.372754    1.0037569 
   55700    85.736024    127.52584   -15.371298    1.0038063 
   55800    85.735043    127.52438   -15.369839    1.0038558 
   55900    85.734061    127.52292   -15.368378    1.0039054 
   56000    85.733076    127.52145   -15.366913    1.0039552 
   56100    85.732089    127.51999   -15.365446    1.0040052 
   56200    85.731101    127.51852   -15.363976    1.0040552 
   56300    85.730111    127.51704   -15.362503    1.0041054 
   56400    85.729118    127.51557   -15.361027    1.0041558 
   56500    85.728124    127.51409   -15.359548    1.0042062 
   56600    85.727128    127.51261   -15.358066    1.0042569 
   56700     85.72613    127.51112   -15.356582    1.0043076 
   56800     85.72513    127.50963   -15.355094    1.0043585 
   56900    85.724128    127.50814   -15.353604    1.0044096 
   57000    85.723124    127.50665   -15.352111    1.0044607 
   57100    85.722118    127.50515   -15.350615     1.004512 
   57200    85.721111    127.50366   -15.349116    1.0045635 
   57300    85.720101    127.50215   -15.347614    1.0046151 
   57400    85.719089    127.50065   -15.346109    1.0046668 
   57500    85.718076    127.49914   -15.344601    1.0047187 
   57600     85.71706    127.49763   -15.343091    1.0047707 
   57700    85.716043    127.49612   -15.341578    1.0048228 
   57800    85.715023     127.4946   -15.340061    1.0048751 
   57900    85.714002    127.49308   -15.338542    1.0049275 
   58000    85.712979    127.49156    -15.33702      1.00498 
   58100    85.711954    127.49004   -15.335495    1.0050327 
   58200    85.710927    127.48851   -15.333968    1.0050855 
   58300    85.709898    127.48698   -15.332437    1.0051385 
   58400    85.708867    127.48544   -15.330904    1.0051916 
   58500    85.707834    127.48391   -15.329367    1.0052448 
   58600    85.706799    127.48237   -15.327828    1.0052982 
   58700    85.705762    127.48083   -15.326286    1.0053517 
   58800    85.704723    127.47928   -15.324741    1.0054054 
   58900    85.703683    127.47773   -15.323193    1.0054591 
   59000     85.70264    127.47618   -15.321642    1.0055131 
   59100    85.701596    127.47463   -15.320089    1.0055671 
   59200    85.700549    127.47307   -15.318532    1.0056213 
   59300    85.699501    127.47151   -15.316973    1.0056756 
   59400    85.698451    127.46995   -15.315411    1.0057301 
   59500    85.697398    127.46839   -15.313846    1.0057847 
   59600    85.696344    127.46682   -15.312278    1.0058394 
   59700    85.695288    127.46525   -15.310707    1.0058943 
   59800     85.69423    127.46367   -15.309133    1.0059493 
   59900     85.69317     127.4621   -15.307557    1.0060044 
   60000    85.692108    127.46052   -15.305977    1.0060597 
   60100    85.691045    127.45893   -15.304447    1.0061139 
   60200    85.689979    127.45735   -15.302862    1.0061694 
   60300    85.688911    127.45576   -15.301274    1.0062251 
   60400    85.687842    127.45417   -15.299683    1.0062809 
   60500     85.68677    127.45258   -15.298089    1.0063369 
   60600    85.685697    127.45098   -15.296493     1.006393 
   60700    85.684621    127.44938   -15.294893    1.0064492 
   60800    85.683544    127.44778   -15.293291    1.0065055 
   60900    85.682465    127.44617   -15.291685     1.006562 
   61000    85.681384    127.44456   -15.290077    1.0066187 
   61100    85.680301    127.44295   -15.288466    1.0066754 
   61200    85.679216    127.44134   -15.286852    1.0067323 
   61300    85.678129    127.43972   -15.285236    1.0067893 
   61400     85.67704     127.4381   -15.283616    1.0068465 
   61500    85.675949    127.43648   -15.281994    1.0069038 
   61600    85.674856    127.43486   -15.280421      1.00696 
   61700    85.673762    127.43323   -15.278793    1.0070175 
   61800    85.672665     127.4316   -15.277162    1.0070752 
   61900    85.671567    127.42996   -15.275528    1.0071331 
   62000    85.670466    127.42833   -15.273891     1.007191 
   62100    85.669364    127.42669   -15.272251    1.0072491 
   62200     85.66826    127.42504   -15.270609    1.0073074 
   62300    85.667154     127.4234   -15.269016    1.0073645 
   62400    85.666046    127.42175   -15.267368     1.007423 
   62500    85.664936     127.4201   -15.265717    1.0074816 
   62600    85.663824    127.41845   -15.264063    1.0075404 
   62700     85.66271    127.41679   -15.262406    1.0075993 
   62800    85.661594    127.41513   -15.260747    1.0076583 
   62900    85.660477    127.41347   -15.259085    1.0077174 
   63000    85.659357     127.4118   -15.257419    1.0077767 
   63100    85.658236    127.41013   -15.255751    1.0078361 
   63200    85.657112    127.40846    -15.25408    1.0078957 
   63300    85.655987    127.40679   -15.252406    1.0079554 
   63400     85.65486    127.40511    -15.25073    1.0080152 
   63500    85.653731    127.40343    -15.24905    1.0080751 
   63600      85.6526    127.40175   -15.247368    1.0081352 
   63700    85.651467    127.40007   -15.245683    1.0081954 
   63800    85.650332    127.39838   -15.243995    1.0082557 
   63900    85.649195    127.39669   -15.242304    1.0083162 
   64000    85.648057    127.39499   -15.240611    1.0083768 
   64100    85.646916     127.3933   -15.238914    1.0084375 
   64200    85.645774     127.3916   -15.237215    1.0084984 
   64300    85.644629     127.3899   -15.235513    1.0085594 
   64400    85.643483    127.38819   -15.233808    1.0086205 
   64500    85.642335    127.38648     -15.2321    1.0086818 
   64600    85.641185    127.38477   -15.230389    1.0087431 
   64700    85.640033    127.38306   -15.228676    1.0088046 
   64800    85.638879    127.38134   -15.226959    1.0088663 
   64900    85.637723    127.37962    -15.22524    1.0089281 
   65000    85.636565     127.3779   -15.223518    1.0089899 
   65100    85.635406    127.37618   -15.221794     1.009052 
   65200    85.634244    127.37445   -15.220066    1.0091141 
   65300    85.633081    127.37272   -15.218336    1.0091764 
   65400    85.631916    127.37099   -15.216603    1.0092388 
   65500    85.630749    127.36925   -15.214867    1.0093014 
   65600     85.62958    127.36751   -15.213128     1.009364 
   65700    85.628409    127.36577   -15.211386    1.0094268 
   65800    85.627236    127.36402   -15.209642    1.0094897 
   65900    85.626061    127.36228   -15.207895    1.0095528 
   66000    85.624885    127.36053   -15.206144     1.009616 
   66100    85.623706    127.35877   -15.204392    1.0096793 
   66200    85.622526    127.35702   -15.202636    1.0097427 
   66300    85.621344    127.35526   -15.200878    1.0098063 
   66400     85.62016     127.3535   -15.199116      1.00987 
   66500    85.618974    127.35174   -15.197352    1.0099338 
   66600    85.617786    127.34997   -15.195586    1.0099977 
   66700    85.616596     127.3482   -15.193816    1.0100618 
   66800    85.615405    127.34643   -15.192044     1.010126 
   66900    85.614211    127.34465   -15.190268    1.0101903 
   67000    85.613016    127.34287    -15.18849    1.0102547 
   67100    85.611819    127.34109    -15.18671    1.0103193 
   67200     85.61062    127.33931   -15.184926     1.010384 
   67300    85.609419    127.33752    -15.18314    1.0104488 
   67400    85.608216    127.33573   -15.181351    1.0105137 
   67500    85.607011    127.33394   -15.179559    1.0105788 
   67600    85.605805    127.33215   -15.177764     1.010644 
   67700    85.604596    127.33035   -15.175967    1.0107093 
   67800    85.603386    127.32855   -15.174167    1.0107747 
   67900    85.602174    127.32675   -15.172364    1.0108403 
   68000     85.60096    127.32494   -15.170558     1.010906 
   68100    85.599744    127.32313    -15.16875    1.0109718 
   68200    85.598527    127.32132   -15.166938    1.0110377 
   68300    85.597307    127.31951   -15.165125    1.0111038 
   68400    85.596086    127.31769   -15.163308      1.01117 
   68500    85.594862    127.31587   -15.161488    1.0112363 
   68600    85.593637    127.31405   -15.159666    1.0113027 
   68700    85.592411    127.31222   -15.157841    1.0113692 
   68800    85.591182     127.3104   -15.156014    1.0114359 
   68900    85.589951    127.30857   -15.154183    1.0115027 
   69000    85.588719    127.30673    -15.15235    1.0115696 
   69100    85.587484     127.3049   -15.150514    1.0116367 
   69200    85.586248    127.30306   -15.148675    1.0117038 
   69300     85.58501    127.30122   -15.146834    1.0117711 
   69400    85.583771    127.29937    -15.14499    1.0118385 
   69500    85.582529    127.29753   -15.143143     1.011906 
   69600    85.581286    127.29568   -15.141294    1.0119736 
   69700     85.58004    127.29382   -15.139442    1.0120414 
   69800    85.578793    127.29197   -15.137587    1.0121093 
   69900    85.577544    127.29011   -15.135729    1.0121773 
   70000    85.576294    127.28825   -15.133869    1.0122454 
   70100    85.575041    127.28639   -15.132058    1.0123124 
   70200    85.573787    127.28452   -15.130192    1.0123807 
   70300    85.572531    127.28265   -15.128324    1.0124492 
   70400    85.571273    127.28078   -15.126453    1.0125178 
   70500    85.570013    127.27891   -15.124579    1.0125865 
   70600    85.568751    127.27703    -15.12265    1.0126566 
   70700    85.567488    127.27515   -15.120771    1.0127255 
   70800    85.566223    127.27327   -15.118889    1.0127946 
   70900    85.564956    127.27139   -15.117004    1.0128638 
   71000    85.563687     127.2695   -15.115117    1.0129331 
   71100    85.562416    127.26761   -15.113227    1.0130025 
   71200    85.561144    127.26572   -15.111334     1.013072 
   71300     85.55987    127.26382   -15.109439    1.0131417 
   71400    85.558594    127.26192   -15.107541    1.0132114 
   71500    85.557316    127.26002    -15.10564    1.0132813 
   71600    85.556036    127.25812   -15.103737    1.0133513 
   71700    85.554755    127.25621   -15.101831    1.0134214 
   71800    85.553472    127.25431   -15.099923    1.0134916 
   71900    85.552187    127.25239   -15.098012     1.013562 
   72000      85.5509    127.25048   -15.096098    1.0136324 
   72100    85.549612    127.24856   -15.094181     1.013703 
   72200    85.548322    127.24664   -15.092262    1.0137737 
   72300     85.54703    127.24472    -15.09034    1.0138445 
   72400    85.545736     127.2428   -15.088416    1.0139154 
   72500     85.54444    127.24087   -15.086489    1.0139864 
   72600    85.543143    127.23894    -15.08456    1.0140575 
   72700    85.541844    127.23701   -15.082627    1.0141288 
   72800    85.540543    127.23508   -15.080693    1.0142001 
   72900    85.539241    127.23314   -15.078755    1.0142716 
   73000    85.537936     127.2312   -15.076815    1.0143432 
   73100     85.53663    127.22926   -15.074872    1.0144149 
   73200    85.535323    127.22731   -15.072927    1.0144867 
   73300    85.534013    127.22536   -15.070979    1.0145586 
   73400    85.532702    127.22341   -15.069029    1.0146306 
   73500    85.531389    127.22146   -15.067076    1.0147028 
   73600    85.530074     127.2195    -15.06512     1.014775 
   73700    85.528758    127.21755   -15.063162    1.0148474 
   73800    85.527439    127.21558   -15.061202    1.0149199 
   73900    85.526119    127.21362   -15.059238    1.0149924 
   74000    85.524798    127.21166   -15.057273    1.0150651 
   74100    85.523475    127.20969   -15.055304    1.0151379 
   74200    85.522149    127.20772   -15.053281    1.0152121 
   74300    85.520823    127.20574   -15.051307    1.0152851 
   74400    85.519494    127.20377   -15.049331    1.0153582 
   74500    85.518164    127.20179   -15.047353    1.0154314 
   74600    85.516832    127.19981   -15.045372    1.0155047 
   74700    85.515499    127.19782   -15.043388    1.0155782 
   74800    85.514163    127.19584   -15.041402    1.0156517 
   74900    85.512826    127.19385   -15.039413    1.0157254 
   75000    85.511488    127.19186   -15.037422    1.0157991 
   75100    85.510147    127.18986   -15.035428     1.015873 
   75200    85.508805    127.18787   -15.033432     1.015947 
   75300    85.507461    127.18587   -15.031434     1.016021 
   75400    85.506116    127.18387   -15.029432    1.0160952 
   75500    85.504769    127.18186   -15.027429    1.0161695 
   75600     85.50342    127.17986   -15.025422    1.0162439 
   75700     85.50207    127.17785   -15.023414    1.0163184 
   75800    85.500718    127.17584   -15.021403     1.016393 
   75900    85.499364    127.17382   -15.019389    1.0164677 
   76000    85.498009    127.17181   -15.017373    1.0165425 
   76100    85.496651    127.16979   -15.015355    1.0166174 
   76200    85.495293    127.16777   -15.013334    1.0166924 
   76300    85.493932    127.16575    -15.01131    1.0167675 
   76400     85.49257    127.16372   -15.009284    1.0168427 
   76500    85.491207    127.16169   -15.007256     1.016918 
   76600    85.489842    127.15966   -15.005225    1.0169934 
   76700    85.488475    127.15763   -15.003192    1.0170689 
   76800    85.487106    127.15559   -15.001157    1.0171445 
   76900    85.485736    127.15355   -14.999119    1.0172202 
   77000    85.484364    127.15151   -14.997078     1.017296 
   77100    85.482991    127.14947   -14.995035    1.0173719 
   77200    85.481616    127.14743    -14.99299    1.0174479 
   77300    85.480239    127.14538   -14.990942     1.017524 
   77400    85.478861    127.14333   -14.988892    1.0176002 
   77500    85.477481    127.14128    -14.98684    1.0176765 
   77600      85.4761    127.13922   -14.984785    1.0177529 
   77700    85.474717    127.13716   -14.982728    1.0178294 
   77800    85.473332     127.1351   -14.980669     1.017906 
   77900    85.471946    127.13304   -14.978607    1.0179826 
   78000    85.470558    127.13098   -14.976543    1.0180594 
   78100    85.469169    127.12891   -14.974476    1.0181363 
   78200    85.467778    127.12684   -14.972407    1.0182133 
   78300    85.466385    127.12477   -14.970336    1.0182903 
   78400    85.464991     127.1227   -14.968262    1.0183675 
   78500    85.463596    127.12062   -14.966186    1.0184447 
   78600    85.462198    127.11854   -14.964108    1.0185221 
   78700      85.4608    127.11646   -14.962028    1.0185995 
   78800    85.459399    127.11438   -14.959945     1.018677 
   78900    85.457998    127.11229    -14.95786    1.0187546 
   79000    85.456594    127.11021   -14.955772    1.0188323 
   79100    85.455189    127.10812   -14.953683    1.0189101 
   79200    85.453783    127.10603   -14.951591     1.018988 
   79300    85.452375    127.10393   -14.949496     1.019066 
   79400    85.450965    127.10184     -14.9474    1.0191441 
   79500    85.449554    127.09974   -14.945301    1.0192223 
   79600    85.448142    127.09764     -14.9432    1.0193005 
   79700    85.446728    127.09553   -14.941097    1.0193788 
   79800    85.445312    127.09343   -14.938991    1.0194573 
   79900    85.443895    127.09132   -14.936884    1.0195358 
   80000    85.442477    127.08921   -14.934774    1.0196144 
   80100    85.441057     127.0871   -14.932661    1.0196931 
   80200    85.439635    127.08498   -14.930547    1.0197719 
   80300    85.438212    127.08287    -14.92843    1.0198507 
   80400    85.436788    127.08075   -14.926312    1.0199297 
   80500    85.435362    127.07863   -14.924191    1.0200087 
   80600    85.433934     127.0765   -14.922067    1.0200878 
   80700    85.432505    127.07438   -14.919942     1.020167 
   80800    85.431075    127.07225   -14.917815    1.0202463 
   80900    85.429643    127.07012   -14.915685    1.0203257 
   81000     85.42821    127.06799   -14.913553    1.0204052 
   81100    85.426775    127.06585   -14.911419    1.0204847 
   81200    85.425339    127.06372   -14.909283    1.0205643 
   81300    85.423902    127.06158   -14.907145     1.020644 
   81400    85.422463    127.05944   -14.905004    1.0207238 
   81500    85.421022     127.0573   -14.902862    1.0208037 
   81600     85.41958    127.05515   -14.900717    1.0208836 
   81700    85.418137    127.05301   -14.898571    1.0209637 
   81800    85.416693    127.05086   -14.896422    1.0210438 
   81900    85.415247    127.04871   -14.894271     1.021124 
   82000    85.413799    127.04655    -14.89217     1.021203 
   82100     85.41235     127.0444   -14.890015    1.0212833 
   82200      85.4109    127.04224   -14.887858    1.0213638 
   82300    85.409448    127.04008   -14.885699    1.0214443 
   82400    85.407995    127.03792   -14.883538    1.0215248 
   82500    85.406541    127.03576   -14.881374    1.0216055 
   82600    85.405085    127.03359   -14.879209    1.0216862 
   82700    85.403628    127.03142   -14.877042     1.021767 
   82800     85.40217    127.02926   -14.874873    1.0218479 
   82900     85.40071    127.02708   -14.872701    1.0219289 
   83000    85.399249    127.02491   -14.870528    1.0220099 
   83100    85.397786    127.02274   -14.868353     1.022091 
   83200    85.396323    127.02056   -14.866175    1.0221722 
   83300    85.394857    127.01838   -14.863996    1.0222534 
   83400    85.393391     127.0162   -14.861815    1.0223347 
   83500    85.391923    127.01401   -14.859632    1.0224161 
   83600    85.390454    127.01183   -14.857446    1.0224976 
   83700    85.388984    127.00964   -14.855259    1.0225791 
   83800    85.387512    127.00745    -14.85307    1.0226607 
   83900    85.386039    127.00526   -14.850879    1.0227424 
   84000    85.384565    127.00307   -14.848687    1.0228242 
   84100    85.383089    127.00087   -14.846492     1.022906 
   84200    85.381612    126.99868   -14.844295    1.0229879 
   84300    85.380134    126.99648   -14.842097    1.0230698 
   84400    85.378655    126.99428   -14.839896    1.0231518 
   84500    85.377174    126.99208   -14.837694    1.0232339 
   84600    85.375692    126.98987    -14.83549    1.0233161 
   84700    85.374209    126.98767   -14.833284    1.0233983 
   84800    85.372725    126.98546   -14.831076    1.0234806 
   84900    85.371239    126.98325   -14.828866    1.0235629 
   85000    85.369753    126.98104   -14.826654    1.0236453 
   85100    85.368265    126.97882   -14.824441    1.0237278 
   85200    85.366775    126.97661   -14.822226    1.0238103 
   85300    85.365285    126.97439   -14.820009    1.0238929 
   85400    85.363793    126.97217    -14.81779    1.0239756 
   85500      85.3623    126.96995    -14.81557    1.0240583 
   85600    85.360806    126.96773   -14.813347    1.0241411 
   85700    85.359311    126.96551   -14.811123    1.0242239 
   85800    85.357815    126.96328   -14.808898    1.0243069 
   85900    85.356317    126.96105    -14.80667    1.0243898 
   86000    85.354818    126.95882   -14.804441    1.0244728 
   86100    85.353318    126.95659    -14.80221    1.0245559 
   86200    85.351817    126.95436   -14.799977    1.0246391 
   86300    85.350315    126.95213   -14.797743    1.0247223 
   86400    85.348812    126.94989   -14.795507    1.0248055 
   86500    85.347307    126.94765   -14.793269    1.0248888 
   86600    85.345802    126.94541   -14.791029    1.0249722 
   86700    85.344295    126.94317   -14.788788    1.0250556 
   86800    85.342787    126.94093   -14.786545    1.0251391 
   86900    85.341278    126.93868   -14.784301    1.0252226 
   87000    85.339768    126.93644   -14.782055    1.0253062 
   87100    85.338257    126.93419   -14.779807    1.0253899 
   87200    85.336745    126.93194   -14.777558    1.0254735 
   87300    85.335232    126.92969   -14.775307    1.0255573 
   87400    85.333717    126.92744   -14.773055    1.0256411 
   87500    85.332202    126.92518   -14.770801    1.0257249 
   87600    85.330685    126.92293   -14.768545    1.0258088 
   87700    85.329168    126.92067   -14.766235     1.025894 
   87800    85.327649    126.91841   -14.763977     1.025978 
   87900     85.32613    126.91615   -14.761716     1.026062 
   88000    85.324609    126.91389   -14.759454    1.0261461 
   88100    85.323087    126.91163   -14.757191    1.0262302 
   88200    85.321565    126.90936   -14.754926    1.0263144 
   88300    85.320041     126.9071    -14.75266    1.0263986 
   88400    85.318516    126.90483   -14.750392    1.0264829 
   88500    85.316991    126.90256   -14.748123    1.0265672 
   88600    85.315464    126.90029   -14.745852    1.0266516 
   88700    85.313936    126.89801    -14.74358     1.026736 
   88800    85.312408    126.89574   -14.741306    1.0268204 
   88900    85.310878    126.89347   -14.739031    1.0269049 
   89000    85.309348    126.89119   -14.736755    1.0269895 
   89100    85.307816    126.88891   -14.734477     1.027074 
   89200    85.306284    126.88663   -14.732197    1.0271586 
   89300    85.304751    126.88435   -14.729917    1.0272433 
   89400    85.303216    126.88207   -14.727634     1.027328 
   89500    85.301681    126.87979   -14.725351    1.0274127 
   89600    85.300145     126.8775   -14.723066    1.0274975 
   89700    85.298608    126.87522    -14.72078    1.0275823 
   89800     85.29707    126.87293   -14.718493    1.0276671 
   89900    85.295531    126.87064   -14.716204     1.027752 
   90000    85.293992    126.86835   -14.713914    1.0278369 
   90100    85.292451    126.86606   -14.711622    1.0279219 
   90200     85.29091    126.86376    -14.70933    1.0280069 
   90300    85.289368    126.86147   -14.707036    1.0280919 
   90400    85.287825    126.85918    -14.70474    1.0281769 
   90500    85.286281    126.85688   -14.702444     1.028262 
   90600    85.284736    126.85458   -14.700146    1.0283471 
   90700     85.28319    126.85228   -14.697847    1.0284323 
   90800    85.281644    126.84998   -14.695547    1.0285174 
   90900    85.280097    126.84768   -14.693246    1.0286026 
   91000    85.278549    126.84538   -14.690943    1.0286879 
   91100       85.277    126.84307   -14.688639    1.0287731 
   91200     85.27545    126.84077   -14.686335    1.0288584 
   91300      85.2739    126.83846   -14.684028    1.0289437 
   91400    85.272349    126.83616   -14.681721    1.0290291 
   91500    85.270797    126.83385   -14.679465    1.0291132 
   91600    85.269244    126.83154   -14.677156    1.0291986 
   91700    85.267691    126.82923   -14.674845     1.029284 
   91800    85.266137    126.82692   -14.672534    1.0293695 
   91900    85.264582     126.8246   -14.670221    1.0294549 
   92000    85.263026    126.82229   -14.667907    1.0295404 
   92100     85.26147    126.81998   -14.665592    1.0296259 
   92200    85.259913    126.81766   -14.663277    1.0297115 
   92300    85.258355    126.81534    -14.66096     1.029797 
   92400    85.256797    126.81302   -14.658642    1.0298826 
   92500    85.255238    126.81071   -14.656323    1.0299682 
   92600    85.253678    126.80839   -14.654003    1.0300538 
   92700    85.252118    126.80606   -14.651682    1.0301394 
   92800    85.250557    126.80374    -14.64936    1.0302251 
   92900    85.248995    126.80142   -14.647037    1.0303107 
   93000    85.247433     126.7991   -14.644714    1.0303964 
   93100     85.24587    126.79677   -14.642389    1.0304821 
   93200    85.244307    126.79445   -14.640063    1.0305678 
   93300    85.242743    126.79212   -14.637737    1.0306535 
   93400    85.241178    126.78979   -14.635409    1.0307393 
   93500    85.239613    126.78746   -14.633081     1.030825 
   93600    85.238047    126.78513   -14.630752    1.0309108 
   93700     85.23648     126.7828   -14.628422    1.0309965 
   93800    85.234913    126.78047   -14.626091    1.0310823 
   93900    85.233346    126.77814   -14.623759    1.0311681 
   94000    85.231778    126.77581   -14.621427    1.0312539 
   94100    85.230209    126.77348   -14.619094    1.0313397 
   94200     85.22864    126.77114    -14.61676    1.0314255 
   94300     85.22707    126.76881   -14.614425    1.0315113 
   94400      85.2255    126.76647   -14.612089    1.0315972 
   94500    85.223929    126.76414   -14.609753     1.031683 
   94600    85.222358     126.7618   -14.607416    1.0317688 
   94700    85.220786    126.75946   -14.605078    1.0318547 
   94800    85.219214    126.75712    -14.60274    1.0319405 
   94900    85.217642    126.75478   -14.600401    1.0320263 
   95000    85.216069    126.75244   -14.598061    1.0321122 
   95100    85.214495     126.7501   -14.595721     1.032198 
   95200    85.212921    126.74776    -14.59338    1.0322839 
   95300    85.211347    126.74542   -14.591038    1.0323697 
   95400    85.209772    126.74308   -14.588695    1.0324556 
   95500    85.208197    126.74074   -14.586353    1.0325414 
   95600    85.206621    126.73839   -14.584009    1.0326272 
   95700    85.205045    126.73605   -14.581665    1.0327131 
   95800    85.203469     126.7337    -14.57932    1.0327989 
   95900    85.201892    126.73136   -14.576923     1.032886 
   96000    85.200315    126.72901   -14.574577    1.0329718 
   96100    85.198738    126.72667   -14.572231    1.0330576 
   96200     85.19716    126.72432   -14.569884    1.0331434 
   96300    85.195582    126.72197   -14.567537    1.0332292 
   96400    85.194004    126.71962   -14.565189     1.033315 
   96500    85.192425    126.71728   -14.562841    1.0334008 
   96600    85.190846    126.71493   -14.560492    1.0334865 
   96700    85.189267    126.71258   -14.558143    1.0335723 
   96800    85.187687    126.71023   -14.555793     1.033658 
   96900    85.186107    126.70788   -14.553444    1.0337438 
   97000    85.184527    126.70553   -14.551093    1.0338295 
   97100    85.182947    126.70318   -14.548743    1.0339152 
   97200    85.181366    126.70083   -14.546392    1.0340009 
   97300    85.179785    126.69848    -14.54404    1.0340866 
   97400    85.178204    126.69612   -14.541689    1.0341722 
   97500    85.176623    126.69377   -14.539337    1.0342578 
   97600    85.175042    126.69142   -14.536984    1.0343435 
   97700     85.17346    126.68907   -14.534632    1.0344291 
   97800    85.171878    126.68671   -14.532279    1.0345147 
   97900    85.170296    126.68436   -14.529926    1.0346002 
   98000    85.168714    126.68201   -14.527572    1.0346858 
   98100    85.167132    126.67965   -14.525219    1.0347713 
   98200    85.165549     126.6773   -14.522865    1.0348568 
   98300    85.163967    126.67495   -14.520511    1.0349423 
   98400    85.162384    126.67259   -14.518157    1.0350277 
   98500    85.160801    126.67024   -14.515803    1.0351131 
   98600    85.159218    126.66788   -14.513448    1.0351985 
   98700    85.157635    126.66553   -14.511094    1.0352839 
   98800    85.156052    126.66317   -14.508739    1.0353693 
   98900    85.154469    126.66082   -14.506384    1.0354546 
   99000    85.152886    126.65846   -14.504029    1.0355399 
   99100    85.151303    126.65611   -14.501674    1.0356251 
   99200    85.149719    126.65375   -14.499319    1.0357103 
   99300    85.148136     126.6514   -14.496964    1.0357955 
   99400    85.146553    126.64904   -14.494609    1.0358807 
   99500    85.144969    126.64669   -14.492254    1.0359658 
   99600    85.143386    126.64433   -14.489899    1.0360509 
   99700    85.141803    126.64198   -14.487544     1.036136 
   99800    85.140219    126.63962   -14.485189     1.036221 
   99900    85.138636    126.63727   -14.482834     1.036306 
  100000    85.137053    126.63491   -14.480479     1.036391 
