#Step Temp KinEng PotEng Press 
       0           87    129.40591    -15.76389    1.0096392 
     100    86.999999    129.40591   -15.763889    1.0096113 
     200    86.999997     129.4059   -15.763885    1.0095836 
     300    86.999993     129.4059   -15.763879     1.009556 
     400    86.999987    129.40589   -15.763871    1.0095285 
     500     86.99998    129.40588    -15.76386    1.0095012 
     600    86.999971    129.40586   -15.763847     1.009474 
     700     86.99996    129.40585   -15.763831    1.0094469 
     800    86.999948    129.40583   -15.763812      1.00942 
     900    86.999934    129.40581   -15.763792    1.0093932 
    1000    86.999918    129.40578   -15.763768    1.0093665 
    1100    86.999901    129.40576   -15.763742      1.00934 
    1200    86.999882    129.40573   -15.763714    1.0093136 
    1300    86.999861     129.4057   -15.763683    1.0092874 
    1400    86.999839    129.40567    -15.76365    1.0092613 
    1500    86.999815    129.40563   -15.763614    1.0092353 
    1600    86.999789    129.40559   -15.763576    1.0092095 
    1700    86.999762    129.40555   -15.763536    1.0091838 
    1800    86.999733    129.40551   -15.763493    1.0091582 
    1900    86.999702    129.40546   -15.763447    1.0091328 
    2000     86.99967    129.40542   -15.763399    1.0091075 
    2100    86.999636    129.40536   -15.763348    1.0090823 
    2200      86.9996    129.40531   -15.763295    1.0090573 
    2300    86.999563    129.40526    -15.76324    1.0090324 
    2400    86.999524     129.4052   -15.763182    1.0090077 
    2500    86.999483    129.40514   -15.763121    1.0089831 
    2600    86.999441    129.40508   -15.763059    1.0089586 
    2700    86.999397    129.40501   -15.762993    1.0089343 
    2800    86.999351    129.40494   -15.762925    1.0089101 
    2900    86.999304    129.40487   -15.762855     1.008886 
    3000    86.999255     129.4048   -15.762782    1.0088621 
    3100    86.999205    129.40472   -15.762707    1.0088383 
    3200    86.999152    129.40465   -15.762629    1.0088147 
    3300    86.999098    129.40457   -15.762549    1.0087912 
    3400    86.999043    129.40448   -15.762466    1.0087678 
    3500    86.998986     129.4044   -15.762381    1.0087445 
    3600    86.998927    129.40431   -15.762294    1.0087214 
    3700    86.998866    129.40422   -15.762203    1.0086985 
    3800    86.998804    129.40413   -15.762111    1.0086756 
    3900     86.99874    129.40403   -15.762016    1.0086529 
    4000    86.998674    129.40393   -15.761918    1.0086304 
    4100    86.998607    129.40383   -15.761818     1.008608 
    4200    86.998538    129.40373   -15.761716    1.0085857 
    4300    86.998468    129.40363   -15.761611    1.0085635 
    4400    86.998396    129.40352   -15.761504    1.0085415 
    4500    86.998322    129.40341   -15.761394    1.0085197 
    4600    86.998246     129.4033   -15.761281    1.0084979 
    4700    86.998169    129.40318   -15.761166    1.0084763 
    4800     86.99809    129.40307   -15.761049    1.0084549 
    4900     86.99801    129.40295   -15.760929    1.0084335 
    5000    86.997927    129.40282   -15.760807    1.0084123 
    5100    86.997844     129.4027   -15.760682    1.0083913 
    5200    86.997758    129.40257   -15.760555    1.0083704 
    5300    86.997671    129.40244   -15.760426    1.0083496 
    5400    86.997582    129.40231   -15.760294     1.008329 
    5500    86.997492    129.40218   -15.760159    1.0083085 
    5600    86.997399    129.40204   -15.760022    1.0082881 
    5700    86.997306     129.4019   -15.759882    1.0082679 
    5800     86.99721    129.40176    -15.75974    1.0082478 
    5900    86.997113    129.40161   -15.759596    1.0082278 
    6000    86.997014    129.40147   -15.759449     1.008208 
    6100    86.996914    129.40132   -15.759299    1.0081883 
    6200    86.996812    129.40116   -15.759147    1.0081687 
    6300    86.996708    129.40101   -15.758993    1.0081493 
    6400    86.996602    129.40085   -15.758836    1.0081301 
    6500    86.996495    129.40069   -15.758677    1.0081109 
    6600    86.996386    129.40053   -15.758515    1.0080919 
    6700    86.996276    129.40037   -15.758351    1.0080731 
    6800    86.996164     129.4002   -15.758184    1.0080543 
    6900     86.99605    129.40003   -15.758015    1.0080357 
    7000    86.995935    129.39986   -15.757843    1.0080173 
    7100    86.995818    129.39969   -15.757669     1.007999 
    7200    86.995699    129.39951   -15.757492    1.0079808 
    7300    86.995578    129.39933   -15.757313    1.0079628 
    7400    86.995456    129.39915   -15.757132    1.0079449 
    7500    86.995333    129.39896   -15.756948    1.0079271 
    7600    86.995207    129.39878   -15.756761    1.0079095 
    7700     86.99508    129.39859   -15.756572     1.007892 
    7800    86.994951     129.3984    -15.75638    1.0078746 
    7900    86.994821     129.3982   -15.756186    1.0078574 
    8000    86.994689    129.39801    -15.75599    1.0078403 
    8100    86.994555    129.39781   -15.755791    1.0078233 
    8200     86.99442    129.39761    -15.75559    1.0078065 
    8300    86.994283     129.3974   -15.755386    1.0077899 
    8400    86.994144     129.3972   -15.755179    1.0077733 
    8500    86.994003    129.39699   -15.754971    1.0077569 
    8600    86.993861    129.39678   -15.754759    1.0077407 
    8700    86.993718    129.39656   -15.754545    1.0077245 
    8800    86.993572    129.39635   -15.754329    1.0077086 
    8900    86.993425    129.39613    -15.75411    1.0076927 
    9000    86.993276    129.39591   -15.753889     1.007677 
    9100    86.993126    129.39568   -15.753666    1.0076614 
    9200    86.992974    129.39546   -15.753439     1.007646 
    9300     86.99282    129.39523   -15.753211    1.0076307 
    9400    86.992665      129.395    -15.75298    1.0076155 
    9500    86.992508    129.39476   -15.752798    1.0075993 
    9600    86.992349    129.39453   -15.752562    1.0075844 
    9700    86.992189    129.39429   -15.752324    1.0075696 
    9800    86.992027    129.39405   -15.752083     1.007555 
    9900    86.991863     129.3938   -15.751839    1.0075405 
   10000    86.991697    129.39356   -15.751593    1.0075262 
   10100     86.99153    129.39331   -15.751344     1.007512 
   10200    86.991362    129.39306   -15.751093    1.0074979 
   10300    86.991191     129.3928    -15.75084     1.007484 
   10400    86.991019    129.39255   -15.750584    1.0074702 
   10500    86.990845    129.39229   -15.750326    1.0074565 
   10600     86.99067    129.39203   -15.750065     1.007443 
   10700    86.990493    129.39177   -15.749801    1.0074296 
   10800    86.990314     129.3915   -15.749535    1.0074164 
   10900    86.990134    129.39123   -15.749267    1.0074033 
   11000    86.989952    129.39096   -15.748996    1.0073903 
   11100    86.989768    129.39069   -15.748723    1.0073775 
   11200    86.989582    129.39041   -15.748447    1.0073648 
   11300    86.989395    129.39013   -15.748169    1.0073522 
   11400    86.989206    129.38985   -15.747888    1.0073398 
   11500    86.989016    129.38957   -15.747605    1.0073275 
   11600    86.988824    129.38928   -15.747319    1.0073154 
   11700     86.98863    129.38899   -15.747031    1.0073034 
   11800    86.988435     129.3887    -15.74674    1.0072915 
   11900    86.988237    129.38841   -15.746447    1.0072798 
   12000    86.988039    129.38812   -15.746151    1.0072682 
   12100    86.987838    129.38782   -15.745853    1.0072567 
   12200    86.987636    129.38752   -15.745552    1.0072454 
   12300    86.987432    129.38721   -15.745249    1.0072342 
   12400    86.987227    129.38691   -15.744943    1.0072232 
   12500    86.987019     129.3866   -15.744635    1.0072123 
   12600    86.986811    129.38629   -15.744324    1.0072015 
   12700      86.9866    129.38598   -15.744011    1.0071909 
   12800    86.986388    129.38566   -15.743695    1.0071804 
   12900    86.986174    129.38534   -15.743377      1.00717 
   13000    86.985958    129.38502   -15.743057    1.0071598 
   13100    86.985741     129.3847   -15.742786    1.0071485 
   13200    86.985522    129.38437    -15.74246    1.0071385 
   13300    86.985302    129.38404   -15.742132    1.0071287 
   13400    86.985079    129.38371   -15.741802    1.0071191 
   13500    86.984855    129.38338   -15.741468    1.0071095 
   13600     86.98463    129.38304   -15.741133    1.0071001 
   13700    86.984402    129.38271   -15.740795    1.0070909 
   13800    86.984173    129.38237   -15.740454    1.0070818 
   13900    86.983943    129.38202   -15.740111    1.0070728 
   14000     86.98371    129.38168   -15.739765    1.0070639 
   14100    86.983476    129.38133   -15.739417    1.0070552 
   14200    86.983241    129.38098   -15.739067    1.0070467 
   14300    86.983003    129.38063   -15.738714    1.0070382 
   14400    86.982764    129.38027   -15.738358    1.0070299 
   14500    86.982524    129.37991      -15.738    1.0070218 
   14600    86.982281    129.37955   -15.737639    1.0070138 
   14700    86.982037    129.37919   -15.737276    1.0070059 
   14800    86.981791    129.37882   -15.736911    1.0069981 
   14900    86.981544    129.37845   -15.736543    1.0069905 
   15000    86.981295    129.37808   -15.736172    1.0069831 
   15100    86.981044    129.37771   -15.735799    1.0069758 
   15200    86.980791    129.37734   -15.735423    1.0069686 
   15300    86.980537    129.37696   -15.735045    1.0069615 
   15400    86.980281    129.37658   -15.734665    1.0069546 
   15500    86.980024    129.37619   -15.734281    1.0069478 
   15600    86.979764    129.37581   -15.733896    1.0069412 
   15700    86.979503    129.37542   -15.733508    1.0069347 
   15800    86.979241    129.37503   -15.733117    1.0069283 
   15900    86.978976    129.37464   -15.732724    1.0069221 
   16000     86.97871    129.37424   -15.732328     1.006916 
   16100    86.978443    129.37384    -15.73193    1.0069101 
   16200    86.978173    129.37344   -15.731529    1.0069043 
   16300    86.977902    129.37304   -15.731126    1.0068986 
   16400    86.977629    129.37263    -15.73072    1.0068931 
   16500    86.977355    129.37222   -15.730312    1.0068877 
   16600    86.977079    129.37181   -15.729901    1.0068824 
   16700    86.976801     129.3714   -15.729488    1.0068773 
   16800    86.976522    129.37098   -15.729072    1.0068723 
   16900     86.97624    129.37057   -15.728654    1.0068675 
   17000    86.975957    129.37015   -15.728233    1.0068628 
   17100    86.975673    129.36972    -15.72781    1.0068582 
   17200    86.975387     129.3693   -15.727384    1.0068538 
   17300    86.975099    129.36887   -15.726956    1.0068495 
   17400    86.974809    129.36844   -15.726525    1.0068454 
   17500    86.974517      129.368   -15.726092    1.0068413 
   17600    86.974224    129.36757   -15.725656    1.0068375 
   17700     86.97393    129.36713   -15.725217    1.0068337 
   17800    86.973633    129.36669   -15.724776    1.0068301 
   17900    86.973335    129.36624   -15.724333    1.0068267 
   18000    86.973035     129.3658   -15.723887    1.0068234 
   18100    86.972734    129.36535   -15.723438    1.0068202 
   18200     86.97243     129.3649   -15.722987    1.0068171 
   18300    86.972125    129.36445   -15.722534    1.0068142 
   18400    86.971819    129.36399   -15.722078    1.0068115 
   18500    86.971511    129.36353   -15.721619    1.0068089 
   18600      86.9712    129.36307   -15.721158    1.0068064 
   18700    86.970889    129.36261   -15.720694     1.006804 
   18800    86.970575    129.36214   -15.720228    1.0068018 
   18900     86.97026    129.36167   -15.719759    1.0067997 
   19000    86.969943     129.3612   -15.719288    1.0067978 
   19100    86.969625    129.36073   -15.718814     1.006796 
   19200    86.969305    129.36025   -15.718338    1.0067944 
   19300    86.968983    129.35977   -15.717859    1.0067928 
   19400    86.968659    129.35929   -15.717377    1.0067915 
   19500    86.968334    129.35881   -15.716894    1.0067902 
   19600    86.968007    129.35832   -15.716407    1.0067891 
   19700    86.967678    129.35783   -15.715918    1.0067882 
   19800    86.967347    129.35734   -15.715427    1.0067873 
   19900    86.967015    129.35684   -15.714932    1.0067867 
   20000    86.966681    129.35635   -15.714436    1.0067861 
   20100    86.966346    129.35585   -15.713937    1.0067857 
   20200    86.966008    129.35535   -15.713435    1.0067854 
   20300    86.965669    129.35484   -15.712931    1.0067853 
   20400    86.965329    129.35434   -15.712424    1.0067853 
   20500    86.964986    129.35383   -15.711915    1.0067855 
   20600    86.964642    129.35331   -15.711403    1.0067858 
   20700    86.964296     129.3528   -15.710888    1.0067862 
   20800    86.963949    129.35228   -15.710371    1.0067868 
   20900    86.963599    129.35176   -15.709852    1.0067875 
   21000    86.963249    129.35124    -15.70933    1.0067883 
   21100    86.962896    129.35072   -15.708805    1.0067893 
   21200    86.962541    129.35019   -15.708278    1.0067904 
   21300    86.962185    129.34966   -15.707748    1.0067917 
   21400    86.961827    129.34913   -15.707216    1.0067931 
   21500    86.961468    129.34859   -15.706681    1.0067946 
   21600    86.961107    129.34806   -15.706144    1.0067963 
   21700    86.960744    129.34752   -15.705604    1.0067981 
   21800    86.960379    129.34697   -15.705062    1.0068001 
   21900    86.960013    129.34643   -15.704517    1.0068022 
   22000    86.959644    129.34588   -15.703969    1.0068044 
   22100    86.959275    129.34533   -15.703419    1.0068068 
   22200    86.958903    129.34478   -15.702866    1.0068093 
   22300     86.95853    129.34422   -15.702311     1.006812 
   22400    86.958155    129.34367   -15.701753    1.0068148 
   22500    86.957778     129.3431   -15.701193    1.0068177 
   22600      86.9574    129.34254    -15.70063    1.0068208 
   22700    86.957019    129.34198   -15.700064     1.006824 
   22800    86.956637    129.34141   -15.699496    1.0068274 
   22900    86.956254    129.34084   -15.698926    1.0068309 
   23000    86.955868    129.34026   -15.698353    1.0068345 
   23100    86.955481    129.33969   -15.697777    1.0068383 
   23200    86.955093    129.33911   -15.697199    1.0068422 
   23300    86.954702    129.33853   -15.696618    1.0068462 
   23400     86.95431    129.33795   -15.696034    1.0068504 
   23500    86.953916    129.33736   -15.695448    1.0068548 
   23600     86.95352    129.33677    -15.69486    1.0068592 
   23700    86.953123    129.33618   -15.694268    1.0068638 
   23800    86.952724    129.33559   -15.693675    1.0068686 
   23900    86.952323    129.33499   -15.693078    1.0068735 
   24000     86.95192    129.33439    -15.69248    1.0068785 
   24100    86.951516    129.33379   -15.691878    1.0068837 
   24200     86.95111    129.33319   -15.691274     1.006889 
   24300    86.950702    129.33258   -15.690667    1.0068944 
   24400    86.950292    129.33197   -15.690058       1.0069 
   24500    86.949881    129.33136   -15.689446    1.0069058 
   24600    86.949468    129.33074   -15.688832    1.0069116 
   24700    86.949053    129.33013   -15.688215    1.0069176 
   24800    86.948637    129.32951   -15.687596    1.0069238 
   24900    86.948218    129.32889   -15.686974    1.0069301 
   25000    86.947798    129.32826   -15.686349    1.0069365 
   25100    86.947377    129.32763   -15.685722    1.0069431 
   25200    86.946953      129.327   -15.685092    1.0069498 
   25300    86.946528    129.32637   -15.684459    1.0069566 
   25400    86.946101    129.32574   -15.683824    1.0069636 
   25500    86.945672     129.3251   -15.683187    1.0069708 
   25600    86.945242    129.32446   -15.682546     1.006978 
   25700     86.94481    129.32382   -15.681904    1.0069855 
   25800    86.944376    129.32317   -15.681258     1.006993 
   25900     86.94394    129.32252    -15.68061    1.0070007 
   26000    86.943503    129.32187    -15.67996    1.0070085 
   26100    86.943064    129.32122   -15.679306    1.0070165 
   26200    86.942623    129.32056   -15.678651    1.0070246 
   26300     86.94218     129.3199   -15.677992    1.0070329 
   26400    86.941736    129.31924   -15.677331    1.0070413 
   26500     86.94129    129.31858   -15.676668    1.0070498 
   26600    86.940842    129.31791   -15.676001    1.0070585 
   26700    86.940392    129.31724   -15.675333    1.0070673 
   26800    86.939941    129.31657   -15.674661    1.0070762 
   26900    86.939488     129.3159   -15.673987    1.0070853 
   27000    86.939033    129.31522   -15.673311    1.0070946 
   27100    86.938576    129.31454   -15.672631     1.007104 
   27200    86.938118    129.31386    -15.67195    1.0071135 
   27300    86.937657    129.31318   -15.671265    1.0071231 
   27400    86.937196    129.31249   -15.670578    1.0071329 
   27500    86.936732     129.3118   -15.669888    1.0071429 
   27600    86.936266    129.31111   -15.669196     1.007153 
   27700    86.935799    129.31041   -15.668501    1.0071632 
   27800     86.93533    129.30972   -15.667804    1.0071735 
   27900     86.93486    129.30902   -15.667104     1.007184 
   28000    86.934387    129.30831   -15.666401    1.0071947 
   28100    86.933913    129.30761   -15.665695    1.0072055 
   28200    86.933437     129.3069   -15.664987    1.0072164 
   28300    86.932959    129.30619   -15.664277    1.0072275 
   28400     86.93248    129.30548   -15.663564    1.0072387 
   28500    86.931998    129.30476   -15.662848      1.00725 
   28600    86.931515    129.30404   -15.662129    1.0072615 
   28700    86.931031    129.30332   -15.661408    1.0072731 
   28800    86.930544     129.3026   -15.660684    1.0072849 
   28900    86.930056    129.30187   -15.659958    1.0072968 
   29000    86.929566    129.30114   -15.659229    1.0073089 
   29100    86.929074    129.30041   -15.658497    1.0073211 
   29200     86.92858    129.29967   -15.657763    1.0073334 
   29300    86.928085    129.29894   -15.657026    1.0073459 
   29400    86.927587     129.2982   -15.656287    1.0073585 
   29500    86.927089    129.29746   -15.655545    1.0073713 
   29600    86.926588    129.29671     -15.6548    1.0073842 
   29700    86.926085    129.29596   -15.654052    1.0073972 
   29800    86.925581    129.29521   -15.653302    1.0074104 
   29900    86.925075    129.29446    -15.65255    1.0074237 
   30000    86.924567    129.29371   -15.651794    1.0074372 
   30100    86.924058    129.29295   -15.651036    1.0074508 
   30200    86.923546    129.29219   -15.650276    1.0074646 
   30300    86.923033    129.29142   -15.649512    1.0074784 
   30400    86.922518    129.29066   -15.648746    1.0074925 
   30500    86.922001    129.28989   -15.647978    1.0075067 
   30600    86.921483    129.28912   -15.647207     1.007521 
   30700    86.920963    129.28834   -15.646433    1.0075354 
   30800     86.92044    129.28757   -15.645656      1.00755 
   30900    86.919917    129.28679   -15.644877    1.0075648 
   31000    86.919391    129.28601   -15.644095    1.0075796 
   31100    86.918864    129.28522   -15.643311    1.0075947 
   31200    86.918334    129.28444   -15.642523    1.0076098 
   31300    86.917803    129.28365   -15.641734    1.0076251 
   31400    86.917271    129.28285   -15.640941    1.0076406 
   31500    86.916736    129.28206   -15.640146    1.0076562 
   31600      86.9162    129.28126   -15.639348    1.0076719 
   31700    86.915661    129.28046   -15.638548    1.0076878 
   31800    86.915122    129.27966   -15.637745    1.0077038 
   31900     86.91458    129.27885   -15.636939      1.00772 
   32000    86.914036    129.27804    -15.63613    1.0077363 
   32100    86.913491    129.27723   -15.635319    1.0077527 
   32200    86.912944    129.27642   -15.634505    1.0077693 
   32300    86.912395     129.2756   -15.633689     1.007786 
   32400    86.911844    129.27478    -15.63287    1.0078029 
   32500    86.911292    129.27396   -15.632048    1.0078199 
   32600    86.910737    129.27314   -15.631224     1.007837 
   32700    86.910181    129.27231   -15.630396    1.0078543 
   32800    86.909623    129.27148   -15.629567    1.0078718 
   32900    86.909064    129.27065   -15.628734    1.0078893 
   33000    86.908502    129.26981   -15.627899     1.007907 
   33100    86.907939    129.26897   -15.627061    1.0079249 
   33200    86.907374    129.26813   -15.626221    1.0079429 
   33300    86.906807    129.26729   -15.625377    1.0079611 
   33400    86.906238    129.26644   -15.624531    1.0079793 
   33500    86.905668    129.26559   -15.623683    1.0079978 
   33600    86.905095    129.26474   -15.622831    1.0080163 
   33700    86.904521    129.26389   -15.621977    1.0080351 
   33800    86.903945    129.26303   -15.621121    1.0080539 
   33900    86.903368    129.26217   -15.620261    1.0080729 
   34000    86.902788    129.26131   -15.619399    1.0080921 
   34100    86.902207    129.26045   -15.618535    1.0081113 
   34200    86.901623    129.25958   -15.617667    1.0081308 
   34300    86.901038    129.25871   -15.616797    1.0081503 
   34400    86.900452    129.25784   -15.615924      1.00817 
   34500    86.899863    129.25696   -15.615049    1.0081899 
   34600    86.899273    129.25608    -15.61417    1.0082099 
   34700     86.89868     129.2552    -15.61329      1.00823 
   34800    86.898086    129.25432   -15.612406    1.0082503 
   34900     86.89749    129.25343    -15.61152    1.0082707 
   35000    86.896893    129.25254    -15.61063    1.0082913 
   35100    86.896293    129.25165   -15.609739     1.008312 
   35200    86.895692    129.25076   -15.608844    1.0083329 
   35300    86.895089    129.24986   -15.607947    1.0083539 
   35400    86.894484    129.24896   -15.607047     1.008375 
   35500    86.893877    129.24806   -15.606145    1.0083963 
   35600    86.893268    129.24715   -15.605239    1.0084177 
   35700    86.892658    129.24624   -15.604331    1.0084393 
   35800    86.892045    129.24533   -15.603421     1.008461 
   35900    86.891431    129.24442   -15.602507    1.0084828 
   36000    86.890815     129.2435   -15.601591    1.0085048 
   36100    86.890198    129.24258   -15.600672    1.0085269 
   36200    86.889578    129.24166    -15.59975    1.0085492 
   36300    86.888956    129.24074   -15.598826    1.0085716 
   36400    86.888333    129.23981   -15.597899    1.0085942 
   36500    86.887708    129.23888   -15.596969    1.0086169 
   36600    86.887081    129.23795   -15.596037    1.0086398 
   36700    86.886452    129.23701   -15.595101    1.0086627 
   36800    86.885822    129.23608   -15.594163    1.0086859 
   36900    86.885189    129.23513   -15.593223    1.0087092 
   37000    86.884555    129.23419   -15.592279    1.0087326 
   37100    86.883919    129.23324   -15.591333    1.0087561 
   37200    86.883281     129.2323   -15.590384    1.0087798 
   37300    86.882641    129.23134   -15.589433    1.0088037 
   37400       86.882    129.23039   -15.588478    1.0088277 
   37500    86.881356    129.22943   -15.587521    1.0088518 
   37600    86.880711    129.22847   -15.586561    1.0088761 
   37700    86.880064    129.22751   -15.585599    1.0089005 
   37800    86.879415    129.22655   -15.584633    1.0089251 
   37900    86.878764    129.22558   -15.583665    1.0089498 
   38000    86.878111    129.22461   -15.582694    1.0089747 
   38100    86.877457    129.22363   -15.581721    1.0089996 
   38200      86.8768    129.22266   -15.580745    1.0090248 
   38300    86.876142    129.22168   -15.579765    1.0090501 
   38400    86.875482     129.2207   -15.578784    1.0090755 
   38500     86.87482    129.21971   -15.577799    1.0091011 
   38600    86.874156    129.21872   -15.576812    1.0091268 
   38700    86.873491    129.21773   -15.575822    1.0091526 
   38800    86.872823    129.21674   -15.574829    1.0091786 
   38900    86.872154    129.21575   -15.573833    1.0092048 
   39000    86.871483    129.21475   -15.572835     1.009231 
   39100    86.870809    129.21375   -15.571834    1.0092575 
   39200    86.870135    129.21274    -15.57083     1.009284 
   39300    86.869458    129.21174   -15.569823    1.0093108 
   39400    86.868779    129.21073   -15.568814    1.0093376 
   39500    86.868099    129.20971   -15.567802    1.0093646 
   39600    86.867416     129.2087   -15.566787    1.0093918 
   39700    86.866732    129.20768   -15.565769    1.0094191 
   39800    86.866046    129.20666   -15.564749    1.0094465 
   39900    86.865358    129.20564   -15.563725    1.0094741 
   40000    86.864668    129.20461   -15.562699    1.0095018 
   40100    86.863977    129.20358   -15.561671    1.0095296 
   40200    86.863283    129.20255   -15.560639    1.0095576 
   40300    86.862588    129.20152   -15.559605    1.0095858 
   40400    86.861891    129.20048   -15.558568    1.0096141 
   40500    86.861191    129.19944   -15.557528    1.0096425 
   40600     86.86049     129.1984   -15.556485    1.0096711 
   40700    86.859788    129.19735    -15.55544    1.0096998 
   40800    86.859083     129.1963   -15.554391    1.0097287 
   40900    86.858376    129.19525    -15.55334    1.0097577 
   41000    86.857668     129.1942   -15.552287    1.0097869 
   41100    86.856957    129.19314    -15.55123    1.0098162 
   41200    86.856245    129.19208   -15.550171    1.0098456 
   41300    86.855531    129.19102   -15.549108    1.0098752 
   41400    86.854815    129.18996   -15.548043    1.0099049 
   41500    86.854097    129.18889   -15.546976    1.0099348 
   41600    86.853378    129.18782   -15.545905    1.0099648 
   41700    86.852656    129.18674   -15.544832     1.009995 
   41800    86.851932    129.18567   -15.543756    1.0100253 
   41900    86.851207    129.18459   -15.542677    1.0100557 
   42000     86.85048    129.18351   -15.541595    1.0100863 
   42100    86.849751    129.18242   -15.540511     1.010117 
   42200     86.84902    129.18134   -15.539423    1.0101479 
   42300    86.848287    129.18024   -15.538333    1.0101789 
   42400    86.847552    129.17915    -15.53724    1.0102101 
   42500    86.846815    129.17806   -15.536144    1.0102414 
   42600    86.846077    129.17696   -15.535046    1.0102729 
   42700    86.845336    129.17586   -15.533945    1.0103045 
   42800    86.844594    129.17475    -15.53284    1.0103362 
   42900     86.84385    129.17365   -15.531733    1.0103681 
   43000    86.843104    129.17254   -15.530624    1.0104001 
   43100    86.842356    129.17142   -15.529511    1.0104323 
   43200    86.841606    129.17031   -15.528396    1.0104646 
   43300    86.840854    129.16919   -15.527278    1.0104971 
   43400    86.840101    129.16807   -15.526157    1.0105297 
   43500    86.839345    129.16694   -15.525033    1.0105624 
   43600    86.838587    129.16582   -15.523906    1.0105953 
   43700    86.837828    129.16469   -15.522777    1.0106283 
   43800    86.837067    129.16356   -15.521644    1.0106615 
   43900    86.836304    129.16242   -15.520509    1.0106948 
   44000    86.835539    129.16128   -15.519371    1.0107283 
   44100    86.834772    129.16014    -15.51823    1.0107619 
   44200    86.834003      129.159   -15.517087    1.0107957 
   44300    86.833232    129.15785    -15.51594    1.0108296 
   44400     86.83246     129.1567   -15.514791    1.0108636 
   44500    86.831685    129.15555   -15.513639    1.0108978 
   44600    86.830909     129.1544   -15.512484    1.0109321 
   44700     86.83013    129.15324   -15.511326    1.0109666 
   44800     86.82935    129.15208   -15.510166    1.0110012 
   44900    86.828568    129.15091   -15.509003     1.011036 
   45000    86.827784    129.14975   -15.507836    1.0110709 
   45100    86.826998    129.14858   -15.506667    1.0111059 
   45200     86.82621    129.14741   -15.505495    1.0111411 
   45300     86.82542    129.14623   -15.504321    1.0111765 
   45400    86.824628    129.14505   -15.503143    1.0112119 
   45500    86.823835    129.14387   -15.501963    1.0112476 
   45600    86.823039    129.14269   -15.500779    1.0112833 
   45700    86.822242     129.1415   -15.499593    1.0113192 
   45800    86.821443    129.14032   -15.498404    1.0113553 
   45900    86.820641    129.13912   -15.497212    1.0113915 
   46000    86.819838    129.13793   -15.496018    1.0114278 
   46100    86.819033    129.13673    -15.49482    1.0114643 
   46200    86.818226    129.13553    -15.49362     1.011501 
   46300    86.817417    129.13433   -15.492417    1.0115377 
   46400    86.816606    129.13312   -15.491211    1.0115747 
   46500    86.815794    129.13191   -15.490002    1.0116117 
   46600    86.814979     129.1307    -15.48879    1.0116489 
   46700    86.814162    129.12949   -15.487575    1.0116863 
   46800    86.813344    129.12827   -15.486358    1.0117238 
   46900    86.812523    129.12705   -15.485138    1.0117614 
   47000    86.811701    129.12583   -15.483915    1.0117992 
   47100    86.810877     129.1246   -15.482689    1.0118371 
   47200    86.810051    129.12337    -15.48146    1.0118752 
   47300    86.809223    129.12214   -15.480228    1.0119134 
   47400    86.808392    129.12091   -15.478993    1.0119518 
   47500    86.807561    129.11967   -15.477756    1.0119903 
   47600    86.806727    129.11843   -15.476515    1.0120289 
   47700    86.805891    129.11718   -15.475272    1.0120677 
   47800    86.805053    129.11594   -15.474026    1.0121066 
   47900    86.804213    129.11469   -15.472777    1.0121457 
   48000    86.803372    129.11344   -15.471525    1.0121849 
   48100    86.802528    129.11218   -15.470271    1.0122243 
   48200    86.801683    129.11093   -15.469013    1.0122638 
   48300    86.800835    129.10966   -15.467753    1.0123034 
   48400    86.799986     129.1084    -15.46649    1.0123432 
   48500    86.799135    129.10714   -15.465223    1.0123832 
   48600    86.798282    129.10587   -15.463954    1.0124232 
   48700    86.797427    129.10459   -15.462682    1.0124635 
   48800     86.79657    129.10332   -15.461408    1.0125038 
   48900    86.795711    129.10204    -15.46013    1.0125443 
   49000     86.79485    129.10076   -15.458849     1.012585 
   49100    86.793987    129.09948   -15.457566    1.0126258 
   49200    86.793122    129.09819    -15.45628    1.0126667 
   49300    86.792255     129.0969   -15.454991    1.0127078 
   49400    86.791387    129.09561   -15.453698     1.012749 
   49500    86.790516    129.09432   -15.452404    1.0127904 
   49600    86.789644    129.09302   -15.451106    1.0128319 
   49700    86.788769    129.09172   -15.449805    1.0128736 
   49800    86.787893    129.09041   -15.448501    1.0129154 
   49900    86.787014    129.08911   -15.447195    1.0129573 
   50000    86.786134     129.0878   -15.445886    1.0129994 
   50100    86.785252    129.08649   -15.444521    1.0130429 
   50200    86.784368    129.08517   -15.443206    1.0130853 
   50300    86.783482    129.08385   -15.441888    1.0131278 
   50400    86.782594    129.08253   -15.440567    1.0131704 
   50500    86.781704    129.08121   -15.439243    1.0132132 
   50600    86.780812    129.07988   -15.437916    1.0132562 
   50700    86.779918    129.07855   -15.436587    1.0132993 
   50800    86.779022    129.07722   -15.435254    1.0133425 
   50900    86.778124    129.07588   -15.433919    1.0133859 
   51000    86.777224    129.07454   -15.432581    1.0134294 
   51100    86.776323     129.0732   -15.431239    1.0134731 
   51200    86.775419    129.07186   -15.429895    1.0135169 
   51300    86.774513    129.07051   -15.428548    1.0135608 
   51400    86.773606    129.06916   -15.427198    1.0136049 
   51500    86.772696    129.06781   -15.425846    1.0136492 
   51600    86.771785    129.06645    -15.42449    1.0136935 
   51700    86.770872     129.0651   -15.423131    1.0137381 
   51800    86.769956    129.06373    -15.42177    1.0137827 
   51900    86.769039    129.06237   -15.420406    1.0138275 
   52000     86.76812      129.061   -15.419038    1.0138725 
   52100    86.767199    129.05963   -15.417668    1.0139176 
   52200    86.766276    129.05826   -15.416295    1.0139628 
   52300     86.76535    129.05688   -15.414919    1.0140082 
   52400    86.764423     129.0555    -15.41354    1.0140537 
   52500    86.763494    129.05412   -15.412158    1.0140993 
   52600    86.762564    129.05274   -15.410774    1.0141452 
   52700    86.761631    129.05135   -15.409386    1.0141911 
   52800    86.760696    129.04996   -15.407996    1.0142372 
   52900    86.759759    129.04857   -15.406602    1.0142834 
   53000     86.75882    129.04717   -15.405206    1.0143298 
   53100     86.75788    129.04577   -15.403807    1.0143763 
   53200    86.756937    129.04437   -15.402404     1.014423 
   53300    86.755992    129.04296   -15.400999    1.0144698 
   53400    86.755046    129.04156   -15.399591    1.0145167 
   53500    86.754097    129.04014   -15.398181    1.0145638 
   53600    86.753147    129.03873   -15.396767     1.014611 
   53700    86.752194    129.03731    -15.39535    1.0146584 
   53800     86.75124    129.03589    -15.39393    1.0147059 
   53900    86.750283    129.03447   -15.392508    1.0147535 
   54000    86.749325    129.03305   -15.391082    1.0148013 
   54100    86.748365    129.03162   -15.389654    1.0148493 
   54200    86.747403    129.03019   -15.388223    1.0148974 
   54300    86.746438    129.02875   -15.386789    1.0149456 
   54400    86.745472    129.02732   -15.385352    1.0149939 
   54500    86.744504    129.02588   -15.383912    1.0150424 
   54600    86.743534    129.02443   -15.382469    1.0150911 
   54700    86.742562    129.02299   -15.381023    1.0151399 
   54800    86.741588    129.02154   -15.379574    1.0151888 
   54900    86.740612    129.02009   -15.378122    1.0152379 
   55000    86.739634    129.01863   -15.376668    1.0152871 
   55100    86.738654    129.01717    -15.37521    1.0153364 
   55200    86.737672    129.01571    -15.37375    1.0153859 
   55300    86.736688    129.01425   -15.372286    1.0154355 
   55400    86.735703    129.01278    -15.37082    1.0154853 
   55500    86.734715    129.01132   -15.369351    1.0155352 
   55600    86.733725    129.00984   -15.367879    1.0155853 
   55700    86.732733    129.00837   -15.366404    1.0156355 
   55800     86.73174    129.00689   -15.364926    1.0156858 
   55900    86.730744    129.00541   -15.363445    1.0157363 
   56000    86.729747    129.00393   -15.361961    1.0157869 
   56100    86.728747    129.00244   -15.360474    1.0158377 
   56200    86.727746    129.00095   -15.358985    1.0158886 
   56300    86.726742    128.99946   -15.357492    1.0159396 
   56400    86.725737    128.99796   -15.355997    1.0159908 
   56500    86.724729    128.99646   -15.354498    1.0160421 
   56600     86.72372    128.99496   -15.352997    1.0160936 
   56700    86.722709    128.99346   -15.351493    1.0161452 
   56800    86.721695    128.99195   -15.349985    1.0161969 
   56900     86.72068    128.99044   -15.348475    1.0162488 
   57000    86.719663    128.98893   -15.346962    1.0163008 
   57100    86.718644    128.98741   -15.345446     1.016353 
   57200    86.717623    128.98589   -15.343928    1.0164053 
   57300      86.7166    128.98437   -15.342406    1.0164578 
   57400    86.715575    128.98285   -15.340881    1.0165103 
   57500    86.714547    128.98132   -15.339354    1.0165631 
   57600    86.713519    128.97979   -15.337823    1.0166159 
   57700    86.712488    128.97825    -15.33629    1.0166689 
   57800    86.711455    128.97672   -15.334753    1.0167221 
   57900     86.71042    128.97518   -15.333214    1.0167753 
   58000    86.709383    128.97364   -15.331672    1.0168288 
   58100    86.708344    128.97209   -15.330126    1.0168823 
   58200    86.707303    128.97054   -15.328578     1.016936 
   58300    86.706261    128.96899   -15.327027    1.0169899 
   58400    86.705216    128.96744   -15.325473    1.0170438 
   58500    86.704169    128.96588   -15.323917    1.0170979 
   58600    86.703121    128.96432   -15.322357    1.0171522 
   58700     86.70207    128.96276   -15.320794    1.0172066 
   58800    86.701017    128.96119   -15.319229    1.0172611 
   58900    86.699963    128.95962    -15.31766    1.0173158 
   59000    86.698906    128.95805   -15.316089    1.0173706 
   59100    86.697848    128.95648   -15.314514    1.0174255 
   59200    86.696788     128.9549   -15.312937    1.0174806 
   59300    86.695725    128.95332   -15.311357    1.0175359 
   59400    86.694661    128.95174   -15.309774    1.0175912 
   59500    86.693595    128.95015   -15.308188    1.0176467 
   59600    86.692526    128.94856   -15.306599    1.0177023 
   59700    86.691456    128.94697   -15.305007    1.0177581 
   59800    86.690384    128.94538   -15.303465    1.0178128 
   59900     86.68931    128.94378   -15.301867    1.0178688 
   60000    86.688234    128.94218   -15.300266     1.017925 
   60100    86.687156    128.94057   -15.298663    1.0179814 
   60200    86.686076    128.93897   -15.297056    1.0180378 
   60300    86.684994    128.93736   -15.295447    1.0180944 
   60400     86.68391    128.93575   -15.293835    1.0181511 
   60500    86.682824    128.93413    -15.29222     1.018208 
   60600    86.681736    128.93251   -15.290602     1.018265 
   60700    86.680646    128.93089   -15.288981    1.0183222 
   60800    86.679555    128.92927   -15.287357    1.0183794 
   60900    86.678461    128.92764    -15.28573    1.0184369 
   61000    86.677365    128.92601     -15.2841    1.0184944 
   61100    86.676268    128.92438   -15.282468    1.0185521 
   61200    86.675168    128.92274   -15.280832    1.0186099 
   61300    86.674067    128.92111   -15.279246    1.0186667 
   61400    86.672963    128.91946   -15.277605    1.0187248 
   61500    86.671858    128.91782    -15.27596     1.018783 
   61600     86.67075    128.91617   -15.274313    1.0188414 
   61700    86.669641    128.91452   -15.272663    1.0188999 
   61800     86.66853    128.91287    -15.27101    1.0189585 
   61900    86.667416    128.91121   -15.269354    1.0190173 
   62000    86.666301    128.90956   -15.267748     1.019075 
   62100    86.665184    128.90789   -15.266086     1.019134 
   62200    86.664065    128.90623   -15.264422    1.0191932 
   62300    86.662944    128.90456   -15.262754    1.0192525 
   62400    86.661821    128.90289   -15.261084     1.019312 
   62500    86.660696    128.90122   -15.259411    1.0193715 
   62600    86.659569    128.89954   -15.257735    1.0194313 
   62700     86.65844    128.89786   -15.256056    1.0194911 
   62800     86.65731    128.89618   -15.254374    1.0195511 
   62900    86.656177     128.8945   -15.252689    1.0196112 
   63000    86.655042    128.89281   -15.251001    1.0196715 
   63100    86.653906    128.89112   -15.249311    1.0197319 
   63200    86.652767    128.88942   -15.247617    1.0197924 
   63300    86.651627    128.88773   -15.245921    1.0198531 
   63400    86.650484    128.88603   -15.244221    1.0199138 
   63500     86.64934    128.88433   -15.242519    1.0199748 
   63600    86.648193    128.88262   -15.240814    1.0200358 
   63700    86.647045    128.88091   -15.239106     1.020097 
   63800    86.645895     128.8792   -15.237395    1.0201583 
   63900    86.644743    128.87749   -15.235682    1.0202198 
   64000    86.643589    128.87577   -15.233965    1.0202814 
   64100    86.642433    128.87405   -15.232246    1.0203431 
   64200    86.641275    128.87233   -15.230523    1.0204049 
   64300    86.640115    128.87061   -15.228798    1.0204669 
   64400    86.638953    128.86888    -15.22707     1.020529 
   64500     86.63779    128.86715   -15.225339    1.0205913 
   64600    86.636624    128.86541   -15.223605    1.0206537 
   64700    86.635456    128.86368   -15.221869    1.0207162 
   64800    86.634287    128.86194   -15.220129    1.0207788 
   64900    86.633115    128.86019   -15.218387    1.0208416 
   65000    86.631942    128.85845   -15.216641    1.0209045 
   65100    86.630767     128.8567   -15.214893    1.0209675 
   65200     86.62959    128.85495   -15.213142    1.0210307 
   65300     86.62841     128.8532   -15.211388     1.021094 
   65400    86.627229    128.85144   -15.209632    1.0211574 
   65500    86.626046    128.84968   -15.207872     1.021221 
   65600    86.624862    128.84792    -15.20611    1.0212846 
   65700    86.623675    128.84615   -15.204344    1.0213485 
   65800    86.622486    128.84438   -15.202576    1.0214124 
   65900    86.621295    128.84261   -15.200805    1.0214765 
   66000    86.620103    128.84084   -15.199031    1.0215407 
   66100    86.618908    128.83906   -15.197255     1.021605 
   66200    86.617712    128.83728   -15.195475    1.0216695 
   66300    86.616514     128.8355   -15.193693    1.0217341 
   66400    86.615313    128.83371   -15.191908    1.0217988 
   66500    86.614111    128.83193    -15.19012    1.0218636 
   66600    86.612907    128.83014   -15.188329    1.0219286 
   66700    86.611701    128.82834   -15.186535    1.0219937 
   66800    86.610494    128.82655   -15.184739    1.0220589 
   66900    86.609284    128.82475   -15.182939    1.0221243 
   67000    86.608072    128.82294   -15.181137    1.0221898 
   67100    86.606859    128.82114   -15.179332    1.0222554 
   67200    86.605643    128.81933   -15.177524    1.0223211 
   67300    86.604426    128.81752   -15.175714     1.022387 
   67400    86.603207    128.81571     -15.1739     1.022453 
   67500    86.601986    128.81389   -15.172084    1.0225191 
   67600    86.600763    128.81207   -15.170265    1.0225853 
   67700    86.599538    128.81025   -15.168443    1.0226517 
   67800    86.598311    128.80843   -15.166618    1.0227182 
   67900    86.597083     128.8066   -15.164791    1.0227848 
   68000    86.595852    128.80477    -15.16296    1.0228516 
   68100     86.59462    128.80293   -15.161127    1.0229184 
   68200    86.593385     128.8011   -15.159291    1.0229854 
   68300    86.592149    128.79926   -15.157452    1.0230526 
   68400    86.590911    128.79742   -15.155611    1.0231198 
   68500    86.589671    128.79557   -15.153767    1.0231872 
   68600    86.588429    128.79373   -15.151919    1.0232547 
   68700    86.587186    128.79188    -15.15007    1.0233223 
   68800     86.58594    128.79002   -15.148217      1.02339 
   68900    86.584693    128.78817   -15.146362    1.0234579 
   69000    86.583443    128.78631   -15.144503    1.0235259 
   69100    86.582192    128.78445   -15.142642     1.023594 
   69200    86.580939    128.78259   -15.140779    1.0236623 
   69300    86.579684    128.78072   -15.138912    1.0237306 
   69400    86.578428    128.77885   -15.137043    1.0237991 
   69500    86.577169    128.77698   -15.135171    1.0238677 
   69600    86.575909     128.7751   -15.133296    1.0239364 
   69700    86.574646    128.77323   -15.131471     1.024004 
   69800    86.573382    128.77134    -15.12959     1.024073 
   69900    86.572116    128.76946   -15.127707    1.0241421 
   70000    86.570848    128.76758   -15.125821    1.0242113 
   70100    86.569578    128.76569    -15.12388    1.0242819 
   70200    86.568307     128.7638   -15.121989    1.0243513 
   70300    86.567034     128.7619   -15.120095    1.0244209 
   70400    86.565758    128.76001   -15.118198    1.0244906 
   70500    86.564481    128.75811   -15.116299    1.0245604 
   70600    86.563202     128.7562   -15.114396    1.0246303 
   70700    86.561922     128.7543   -15.112491    1.0247004 
   70800    86.560639    128.75239   -15.110584    1.0247706 
   70900    86.559355    128.75048   -15.108673    1.0248409 
   71000    86.558069    128.74857    -15.10676    1.0249113 
   71100     86.55678    128.74665   -15.104844    1.0249818 
   71200    86.555491    128.74473   -15.102926    1.0250524 
   71300    86.554199    128.74281   -15.101004    1.0251232 
   71400    86.552905    128.74089   -15.099081    1.0251941 
   71500     86.55161    128.73896   -15.097154    1.0252651 
   71600    86.550313    128.73703   -15.095224    1.0253362 
   71700    86.549014     128.7351   -15.093292    1.0254074 
   71800    86.547713    128.73316   -15.091358    1.0254788 
   71900    86.546411    128.73123    -15.08942    1.0255502 
   72000    86.545107    128.72929    -15.08748    1.0256218 
   72100      86.5438    128.72734   -15.085537    1.0256935 
   72200    86.542492     128.7254   -15.083592    1.0257653 
   72300    86.541183    128.72345   -15.081644    1.0258372 
   72400    86.539871     128.7215   -15.079693    1.0259093 
   72500    86.538558    128.71955    -15.07774    1.0259814 
   72600    86.537243    128.71759   -15.075784    1.0260537 
   72700    86.535926    128.71563   -15.073825    1.0261261 
   72800    86.534607    128.71367   -15.071863    1.0261986 
   72900    86.533287    128.71171   -15.069899    1.0262712 
   73000    86.531965    128.70974   -15.067933    1.0263439 
   73100    86.530641    128.70777   -15.065963    1.0264168 
   73200    86.529315     128.7058   -15.063991    1.0264897 
   73300    86.527987    128.70382   -15.062017    1.0265628 
   73400    86.526658    128.70185    -15.06004     1.026636 
   73500    86.525327    128.69987    -15.05806    1.0267093 
   73600    86.523994    128.69788   -15.056077    1.0267826 
   73700     86.52266     128.6959   -15.054092    1.0268562 
   73800    86.521323    128.69391   -15.052052     1.026931 
   73900    86.519985    128.69192   -15.050062    1.0270047 
   74000    86.518646    128.68993   -15.048069    1.0270786 
   74100    86.517304    128.68793   -15.046074    1.0271525 
   74200    86.515961    128.68594   -15.044076    1.0272266 
   74300    86.514616    128.68393   -15.042075    1.0273008 
   74400    86.513269    128.68193   -15.040072     1.027375 
   74500    86.511921    128.67993   -15.038066    1.0274494 
   74600     86.51057    128.67792   -15.036058    1.0275239 
   74700    86.509218    128.67591   -15.034047    1.0275985 
   74800    86.507865    128.67389   -15.032033    1.0276732 
   74900    86.506509    128.67188   -15.030017    1.0277481 
   75000    86.505152    128.66986   -15.027999     1.027823 
   75100    86.503793    128.66784   -15.025978     1.027898 
   75200    86.502433    128.66581   -15.023954    1.0279732 
   75300    86.501071    128.66379   -15.021928    1.0280484 
   75400    86.499707    128.66176   -15.019899    1.0281238 
   75500    86.498341    128.65973   -15.017868    1.0281992 
   75600    86.496974    128.65769   -15.015834    1.0282748 
   75700    86.495605    128.65566   -15.013798    1.0283505 
   75800    86.494234    128.65362   -15.011759    1.0284262 
   75900    86.492862    128.65158   -15.009718    1.0285021 
   76000    86.491488    128.64953   -15.007674    1.0285781 
   76100    86.490112    128.64749   -15.005628    1.0286542 
   76200    86.488735    128.64544   -15.003579    1.0287304 
   76300    86.487356    128.64339   -15.001528    1.0288066 
   76400    86.485975    128.64133   -14.999474     1.028883 
   76500    86.484593    128.63928   -14.997418    1.0289595 
   76600    86.483209    128.63722   -14.995359    1.0290361 
   76700    86.481823    128.63516   -14.993298    1.0291128 
   76800    86.480436    128.63309   -14.991235    1.0291896 
   76900    86.479047    128.63103   -14.989169    1.0292665 
   77000    86.477656    128.62896     -14.9871    1.0293435 
   77100    86.476264    128.62689   -14.985029    1.0294206 
   77200     86.47487    128.62482   -14.982956    1.0294978 
   77300    86.473474    128.62274    -14.98088    1.0295751 
   77400    86.472077    128.62066   -14.978802    1.0296525 
   77500    86.470678    128.61858   -14.976721      1.02973 
   77600    86.469278     128.6165   -14.974638    1.0298076 
   77700    86.467876    128.61441   -14.972553    1.0298853 
   77800    86.466472    128.61232   -14.970465    1.0299631 
   77900    86.465067    128.61023   -14.968375     1.030041 
   78000     86.46366    128.60814   -14.966282    1.0301189 
   78100    86.462252    128.60605   -14.964187     1.030197 
   78200    86.460842    128.60395    -14.96209    1.0302752 
   78300     86.45943    128.60185    -14.95999    1.0303535 
   78400    86.458017    128.59975   -14.957888    1.0304318 
   78500    86.456602    128.59764   -14.955784    1.0305103 
   78600    86.455186    128.59554   -14.953677    1.0305888 
   78700    86.453768    128.59343   -14.951568    1.0306675 
   78800    86.452348    128.59132   -14.949457    1.0307462 
   78900    86.450927     128.5892   -14.947343     1.030825 
   79000    86.449504    128.58709   -14.945227     1.030904 
   79100     86.44808    128.58497   -14.943108     1.030983 
   79200    86.446654    128.58285   -14.940988    1.0310621 
   79300    86.445227    128.58072   -14.938865    1.0311413 
   79400    86.443798     128.5786   -14.936739    1.0312206 
   79500    86.442368    128.57647   -14.934612       1.0313 
   79600    86.440936    128.57434   -14.932482    1.0313794 
   79700    86.439503    128.57221    -14.93035     1.031459 
   79800    86.438068    128.57007   -14.928215    1.0315386 
   79900    86.436631    128.56794   -14.926079    1.0316184 
   80000    86.435193     128.5658    -14.92394    1.0316982 
   80100    86.433754    128.56366   -14.921799    1.0317781 
   80200    86.432313    128.56151   -14.919655    1.0318581 
   80300     86.43087    128.55937    -14.91751    1.0319382 
   80400    86.429426    128.55722   -14.915362    1.0320184 
   80500    86.427981    128.55507   -14.913212    1.0320987 
   80600    86.426534    128.55292    -14.91106     1.032179 
   80700    86.425085    128.55076   -14.908905    1.0322595 
   80800    86.423635    128.54861   -14.906748      1.03234 
   80900    86.422184    128.54645    -14.90459    1.0324206 
   81000    86.420731    128.54429   -14.902429    1.0325013 
   81100    86.419277    128.54212   -14.900265     1.032582 
   81200    86.417821    128.53996     -14.8981    1.0326629 
   81300    86.416364    128.53779   -14.895933    1.0327438 
   81400    86.414905    128.53562   -14.893763    1.0328249 
   81500    86.413445    128.53345   -14.891591     1.032906 
   81600    86.411983    128.53128    -14.88947    1.0329859 
   81700     86.41052     128.5291   -14.887294    1.0330672 
   81800    86.409056    128.52692   -14.885115    1.0331485 
   81900     86.40759    128.52474   -14.882935    1.0332299 
   82000    86.406123    128.52256   -14.880753    1.0333114 
   82100    86.404654    128.52038   -14.878568     1.033393 
   82200    86.403184    128.51819   -14.876382    1.0334747 
   82300    86.401713      128.516   -14.874193    1.0335564 
   82400     86.40024    128.51381   -14.872002    1.0336383 
   82500    86.398766    128.51162    -14.86981    1.0337201 
   82600     86.39729    128.50942   -14.867615    1.0338021 
   82700    86.395813    128.50722   -14.865418    1.0338842 
   82800    86.394335    128.50503   -14.863219    1.0339663 
   82900    86.392855    128.50282   -14.861018    1.0340485 
   83000    86.391374    128.50062   -14.858815    1.0341308 
   83100    86.389892    128.49842    -14.85661    1.0342131 
   83200    86.388408    128.49621   -14.854403    1.0342955 
   83300    86.386923      128.494   -14.852194     1.034378 
   83400    86.385437    128.49179   -14.849983    1.0344606 
   83500    86.383949    128.48958    -14.84777    1.0345432 
   83600     86.38246    128.48736   -14.845555    1.0346259 
   83700    86.380969    128.48515   -14.843339    1.0347087 
   83800    86.379478    128.48293    -14.84112    1.0347916 
   83900    86.377985    128.48071   -14.838899    1.0348745 
   84000     86.37649    128.47848   -14.836676    1.0349575 
   84100    86.374995    128.47626   -14.834452    1.0350406 
   84200    86.373498    128.47403   -14.832225    1.0351237 
   84300       86.372     128.4718   -14.829997    1.0352069 
   84400      86.3705    128.46957   -14.827767    1.0352902 
   84500       86.369    128.46734   -14.825534    1.0353735 
   84600    86.367498    128.46511     -14.8233    1.0354569 
   84700    86.365994    128.46287   -14.821064    1.0355404 
   84800     86.36449    128.46063   -14.818827    1.0356239 
   84900    86.362984    128.45839   -14.816587    1.0357075 
   85000    86.361477    128.45615   -14.814345    1.0357912 
   85100    86.359969    128.45391   -14.812102    1.0358749 
   85200     86.35846    128.45166   -14.809857    1.0359587 
   85300    86.356949    128.44942    -14.80761    1.0360425 
   85400    86.355437    128.44717   -14.805361    1.0361264 
   85500    86.353924    128.44492   -14.803111    1.0362104 
   85600     86.35241    128.44267   -14.800858    1.0362945 
   85700    86.350894    128.44041   -14.798604    1.0363786 
   85800    86.349378    128.43816   -14.796348    1.0364627 
   85900     86.34786     128.4359   -14.794091    1.0365469 
   86000    86.346341    128.43364   -14.791831    1.0366312 
   86100    86.344821    128.43138    -14.78957    1.0367155 
   86200    86.343299    128.42911   -14.787307    1.0367999 
   86300    86.341777    128.42685   -14.785043    1.0368844 
   86400    86.340253    128.42458   -14.782777    1.0369689 
   86500    86.338729    128.42232   -14.780509    1.0370535 
   86600    86.337203    128.42005   -14.778239    1.0371381 
   86700    86.335676    128.41777   -14.775968    1.0372228 
   86800    86.334148     128.4155   -14.773695    1.0373075 
   86900    86.332619    128.41323    -14.77142    1.0373923 
   87000    86.331088    128.41095   -14.769144    1.0374771 
   87100    86.329557    128.40867   -14.766866     1.037562 
   87200    86.328024    128.40639   -14.764534    1.0376482 
   87300    86.326491    128.40411   -14.762253    1.0377332 
   87400    86.324956    128.40183   -14.759971    1.0378182 
   87500     86.32342    128.39955   -14.757686    1.0379033 
   87600    86.321883    128.39726     -14.7554    1.0379884 
   87700    86.320346    128.39497   -14.753113    1.0380736 
   87800    86.318807    128.39268   -14.750824    1.0381589 
   87900    86.317267    128.39039   -14.748533    1.0382442 
   88000    86.315726     128.3881   -14.746241    1.0383295 
   88100    86.314184    128.38581   -14.743948    1.0384149 
   88200    86.312641    128.38351   -14.741653    1.0385003 
   88300    86.311097    128.38122   -14.739356    1.0385858 
   88400    86.309552    128.37892   -14.737058    1.0386713 
   88500    86.308006    128.37662   -14.734758    1.0387569 
   88600    86.306459    128.37432   -14.732457    1.0388425 
   88700    86.304911    128.37201   -14.730155    1.0389282 
   88800    86.303362    128.36971   -14.727851    1.0390138 
   88900    86.301812     128.3674   -14.725546    1.0390996 
   89000    86.300261     128.3651   -14.723239    1.0391854 
   89100    86.298709    128.36279    -14.72093    1.0392712 
   89200    86.297156    128.36048   -14.718621     1.039357 
   89300    86.295603    128.35817    -14.71631    1.0394429 
   89400    86.294048    128.35586   -14.713997    1.0395289 
   89500    86.292493    128.35354   -14.711684    1.0396149 
   89600    86.290936    128.35123   -14.709369    1.0397009 
   89700    86.289379    128.34891   -14.707052    1.0397869 
   89800    86.287821    128.34659   -14.704734     1.039873 
   89900    86.286261    128.34427   -14.702415    1.0399591 
   90000    86.284701    128.34195   -14.700095    1.0400453 
   90100    86.283141    128.33963   -14.697773    1.0401315 
   90200    86.281579    128.33731    -14.69545    1.0402177 
   90300    86.280016    128.33499   -14.693126     1.040304 
   90400    86.278453    128.33266     -14.6908    1.0403902 
   90500    86.276888    128.33033   -14.688474    1.0404766 
   90600    86.275323    128.32801   -14.686146    1.0405629 
   90700    86.273757    128.32568   -14.683816    1.0406493 
   90800    86.272191    128.32335   -14.681486    1.0407357 
   90900    86.270623    128.32101   -14.679154    1.0408222 
   91000    86.269055    128.31868   -14.676874    1.0409074 
   91100    86.267486    128.31635    -14.67454    1.0409939 
   91200    86.265916    128.31401   -14.672205    1.0410804 
   91300    86.264345    128.31168   -14.669869     1.041167 
   91400    86.262773    128.30934   -14.667531    1.0412535 
   91500    86.261201      128.307   -14.665193    1.0413402 
   91600    86.259628    128.30466   -14.662853    1.0414268 
   91700    86.258055    128.30232   -14.660512    1.0415134 
   91800     86.25648    128.29998    -14.65817    1.0416001 
   91900    86.254905    128.29763   -14.655827    1.0416868 
   92000    86.253329    128.29529   -14.653484    1.0417735 
   92100    86.251753    128.29295   -14.651138    1.0418603 
   92200    86.250175     128.2906   -14.648792     1.041947 
   92300    86.248597    128.28825   -14.646445    1.0420338 
   92400    86.247019     128.2859   -14.644097    1.0421206 
   92500     86.24544    128.28356   -14.641748    1.0422074 
   92600     86.24386    128.28121   -14.639398    1.0422942 
   92700    86.242279    128.27885   -14.637047    1.0423811 
   92800    86.240698     128.2765   -14.634695    1.0424679 
   92900    86.239116    128.27415   -14.632342    1.0425548 
   93000    86.237533     128.2718   -14.629988    1.0426417 
   93100     86.23595    128.26944   -14.627634    1.0427286 
   93200    86.234367    128.26708   -14.625278    1.0428156 
   93300    86.232782    128.26473   -14.622921    1.0429025 
   93400    86.231197    128.26237   -14.620564    1.0429894 
   93500    86.229612    128.26001   -14.618206    1.0430764 
   93600    86.228026    128.25765   -14.615847    1.0431634 
   93700    86.226439    128.25529   -14.613487    1.0432503 
   93800    86.224852    128.25293   -14.611126    1.0433373 
   93900    86.223264    128.25057   -14.608764    1.0434243 
   94000    86.221676    128.24821   -14.606402    1.0435113 
   94100    86.220087    128.24585   -14.604039    1.0435983 
   94200    86.218498    128.24348   -14.601675    1.0436854 
   94300    86.216908    128.24112    -14.59931    1.0437724 
   94400    86.215318    128.23875   -14.596945    1.0438594 
   94500    86.213727    128.23639   -14.594579    1.0439464 
   94600    86.212136    128.23402   -14.592212    1.0440335 
   94700    86.210544    128.23165   -14.589844    1.0441205 
   94800    86.208952    128.22928   -14.587476    1.0442075 
   94900    86.207359    128.22691   -14.585107    1.0442946 
   95000    86.205766    128.22454   -14.582737    1.0443816 
   95100    86.204173    128.22217   -14.580367    1.0444686 
   95200    86.202579     128.2198   -14.577996    1.0445557 
   95300    86.200985    128.21743   -14.575573    1.0446439 
   95400     86.19939    128.21506   -14.573201     1.044731 
   95500    86.197795    128.21269   -14.570828     1.044818 
   95600    86.196199    128.21031   -14.568455     1.044905 
   95700    86.194604    128.20794   -14.566081     1.044992 
   95800    86.193007    128.20557   -14.563707     1.045079 
   95900    86.191411    128.20319   -14.561332     1.045166 
   96000    86.189814    128.20082   -14.558957     1.045253 
   96100    86.188217    128.19844   -14.556581      1.04534 
   96200    86.186619    128.19606   -14.554205     1.045427 
   96300    86.185021    128.19369   -14.551828     1.045514 
   96400    86.183423    128.19131   -14.549451    1.0456009 
   96500    86.181825    128.18893   -14.547073    1.0456879 
   96600    86.180226    128.18655   -14.544695    1.0457748 
   96700    86.178627    128.18418   -14.542317    1.0458617 
   96800    86.177028     128.1818   -14.539938    1.0459486 
   96900    86.175428    128.17942   -14.537559    1.0460355 
   97000    86.173828    128.17704    -14.53518    1.0461224 
   97100    86.172228    128.17466     -14.5328    1.0462093 
   97200    86.170628    128.17228   -14.530419    1.0462961 
   97300    86.169028     128.1699   -14.528039    1.0463829 
   97400    86.167427    128.16752   -14.525658    1.0464698 
   97500    86.165826    128.16514   -14.523277    1.0465565 
   97600    86.164225    128.16275   -14.520896    1.0466433 
   97700    86.162624    128.16037   -14.518514    1.0467301 
   97800    86.161023    128.15799   -14.516132    1.0468168 
   97900    86.159421    128.15561    -14.51375    1.0469035 
   98000     86.15782    128.15323   -14.511368    1.0469902 
   98100    86.156218    128.15084   -14.508985    1.0470768 
   98200    86.154616    128.14846   -14.506603    1.0471635 
   98300    86.153014    128.14608    -14.50422    1.0472501 
   98400    86.151412     128.1437   -14.501837    1.0473367 
   98500     86.14981    128.14131   -14.499454    1.0474232 
   98600    86.148207    128.13893    -14.49707    1.0475097 
   98700    86.146605    128.13655   -14.494687    1.0475962 
   98800    86.145003    128.13416   -14.492304    1.0476827 
   98900      86.1434    128.13178    -14.48992    1.0477691 
   99000    86.141798     128.1294   -14.487537    1.0478555 
   99100    86.140196    128.12701   -14.485153    1.0479419 
   99200    86.138593    128.12463    -14.48277    1.0480283 
   99300    86.136991    128.12225   -14.480386    1.0481146 
   99400    86.135388    128.11986   -14.478003    1.0482008 
   99500    86.133786    128.11748   -14.475619    1.0482871 
   99600    86.132183     128.1151   -14.473236    1.0483733 
   99700    86.130581    128.11271   -14.470852    1.0484594 
   99800    86.128979    128.11033   -14.468469    1.0485456 
   99900    86.127376    128.10795   -14.466086    1.0486316 
  100000    86.125774    128.10556   -14.463703    1.0487177 
