#Step Temp KinEng PotEng Press 
       0           88    130.89333    -15.76389    1.0212979 
     100    87.999999    130.89333   -15.763889    1.0212699 
     200    87.999997    130.89333   -15.763885     1.021242 
     300    87.999993    130.89332   -15.763879    1.0212142 
     400    87.999987    130.89331   -15.763871    1.0211866 
     500     87.99998     130.8933    -15.76386    1.0211591 
     600     87.99997    130.89329   -15.763846    1.0211317 
     700     87.99996    130.89327    -15.76383    1.0211045 
     800    87.999947    130.89325   -15.763811    1.0210774 
     900    87.999933    130.89323    -15.76379    1.0210505 
    1000    87.999917    130.89321   -15.763767    1.0210237 
    1100      87.9999    130.89318   -15.763741     1.020997 
    1200     87.99988    130.89315   -15.763712    1.0209705 
    1300    87.999859    130.89312   -15.763681    1.0209441 
    1400    87.999837    130.89309   -15.763647    1.0209179 
    1500    87.999813    130.89305   -15.763611    1.0208918 
    1600    87.999787    130.89301   -15.763573    1.0208658 
    1700    87.999759    130.89297   -15.763532      1.02084 
    1800     87.99973    130.89293   -15.763488    1.0208143 
    1900    87.999699    130.89288   -15.763442    1.0207887 
    2000    87.999666    130.89283   -15.763393    1.0207633 
    2100    87.999632    130.89278   -15.763342     1.020738 
    2200    87.999596    130.89273   -15.763288    1.0207129 
    2300    87.999558    130.89267   -15.763232    1.0206879 
    2400    87.999518    130.89261   -15.763174     1.020663 
    2500    87.999477    130.89255   -15.763113    1.0206383 
    2600    87.999435    130.89249   -15.763049    1.0206137 
    2700     87.99939    130.89242   -15.762983    1.0205892 
    2800    87.999344    130.89236   -15.762914    1.0205649 
    2900    87.999296    130.89228   -15.762843    1.0205407 
    3000    87.999247    130.89221   -15.762769    1.0205167 
    3100    87.999195    130.89213   -15.762693    1.0204928 
    3200    87.999143    130.89206   -15.762615     1.020469 
    3300    87.999088    130.89197   -15.762534    1.0204454 
    3400    87.999032    130.89189    -15.76245    1.0204219 
    3500    87.998974     130.8918   -15.762364    1.0203986 
    3600    87.998914    130.89172   -15.762275    1.0203754 
    3700    87.998853    130.89162   -15.762184    1.0203523 
    3800     87.99879    130.89153    -15.76209    1.0203294 
    3900    87.998725    130.89144   -15.761994    1.0203066 
    4000    87.998659    130.89134   -15.761896    1.0202839 
    4100    87.998591    130.89124   -15.761794    1.0202614 
    4200    87.998521    130.89113   -15.761691     1.020239 
    4300     87.99845    130.89103   -15.761585    1.0202168 
    4400    87.998377    130.89092   -15.761476    1.0201947 
    4500    87.998302    130.89081   -15.761365    1.0201727 
    4600    87.998226    130.89069   -15.761251    1.0201509 
    4700    87.998148    130.89058   -15.761135    1.0201292 
    4800    87.998068    130.89046   -15.761016    1.0201077 
    4900    87.997987    130.89034   -15.760895    1.0200863 
    5000    87.997904    130.89021   -15.760772     1.020065 
    5100    87.997819    130.89009   -15.760646    1.0200439 
    5200    87.997732    130.88996   -15.760517    1.0200229 
    5300    87.997644    130.88983   -15.760386     1.020002 
    5400    87.997554    130.88969   -15.760252    1.0199813 
    5500    87.997463    130.88956   -15.760116    1.0199607 
    5600    87.997369    130.88942   -15.759977    1.0199403 
    5700    87.997275    130.88928   -15.759836      1.01992 
    5800    87.997178    130.88913   -15.759693    1.0198998 
    5900     87.99708    130.88899   -15.759546    1.0198798 
    6000     87.99698    130.88884   -15.759398    1.0198599 
    6100    87.996878    130.88869   -15.759247    1.0198401 
    6200    87.996775    130.88853   -15.759093    1.0198205 
    6300     87.99667    130.88838   -15.758937    1.0198011 
    6400    87.996563    130.88822   -15.758778    1.0197817 
    6500    87.996455    130.88806   -15.758617    1.0197625 
    6600    87.996345    130.88789   -15.758453    1.0197435 
    6700    87.996233    130.88773   -15.758287    1.0197246 
    6800     87.99612    130.88756   -15.758118    1.0197058 
    6900    87.996005    130.88739   -15.757947    1.0196871 
    7000    87.995888    130.88721   -15.757774    1.0196686 
    7100    87.995769    130.88704   -15.757597    1.0196503 
    7200    87.995649    130.88686   -15.757419     1.019632 
    7300    87.995527    130.88668   -15.757237    1.0196139 
    7400    87.995404    130.88649   -15.757054     1.019596 
    7500    87.995279    130.88631   -15.756868    1.0195782 
    7600    87.995152    130.88612   -15.756679    1.0195605 
    7700    87.995023    130.88593   -15.756488     1.019543 
    7800    87.994893    130.88573   -15.756294    1.0195256 
    7900    87.994761    130.88554   -15.756098    1.0195083 
    8000    87.994628    130.88534   -15.755899    1.0194912 
    8100    87.994492    130.88514   -15.755698    1.0194742 
    8200    87.994355    130.88493   -15.755494    1.0194574 
    8300    87.994217    130.88473   -15.755288    1.0194407 
    8400    87.994076    130.88452   -15.755079    1.0194241 
    8500    87.993934    130.88431   -15.754868    1.0194077 
    8600    87.993791    130.88409   -15.754654    1.0193914 
    8700    87.993645    130.88388   -15.754438    1.0193753 
    8800    87.993498    130.88366   -15.754219    1.0193592 
    8900    87.993349    130.88344   -15.753998    1.0193434 
    9000    87.993199    130.88321   -15.753774    1.0193276 
    9100    87.993047    130.88299   -15.753548    1.0193121 
    9200    87.992893    130.88276   -15.753319    1.0192966 
    9300    87.992738    130.88253   -15.753088    1.0192813 
    9400     87.99258    130.88229   -15.752854    1.0192661 
    9500    87.992421    130.88206    -15.75267    1.0192498 
    9600    87.992261    130.88182   -15.752431    1.0192349 
    9700    87.992099    130.88158    -15.75219    1.0192202 
    9800    87.991935    130.88133   -15.751946    1.0192055 
    9900    87.991769    130.88109     -15.7517    1.0191911 
   10000    87.991602    130.88084   -15.751451    1.0191767 
   10100    87.991433    130.88059   -15.751199    1.0191625 
   10200    87.991262    130.88033   -15.750945    1.0191484 
   10300     87.99109    130.88008   -15.750689    1.0191345 
   10400    87.990916    130.87982    -15.75043    1.0191207 
   10500     87.99074    130.87956   -15.750169    1.0191071 
   10600    87.990562    130.87929   -15.749905    1.0190936 
   10700    87.990383    130.87903   -15.749638    1.0190802 
   10800    87.990202    130.87876   -15.749369     1.019067 
   10900     87.99002    130.87849   -15.749098    1.0190539 
   11000    87.989836    130.87821   -15.748824    1.0190409 
   11100     87.98965    130.87794   -15.748547    1.0190281 
   11200    87.989462    130.87766   -15.748268    1.0190154 
   11300    87.989273    130.87738   -15.747987    1.0190029 
   11400    87.989082    130.87709   -15.747703    1.0189905 
   11500    87.988889     130.8768   -15.747416    1.0189782 
   11600    87.988695    130.87652   -15.747127    1.0189661 
   11700    87.988499    130.87622   -15.746836    1.0189541 
   11800    87.988301    130.87593   -15.746542    1.0189423 
   11900    87.988102    130.87563   -15.746245    1.0189305 
   12000    87.987901    130.87533   -15.745946     1.018919 
   12100    87.987698    130.87503   -15.745644    1.0189076 
   12200    87.987493    130.87473    -15.74534    1.0188963 
   12300    87.987287    130.87442   -15.745033    1.0188851 
   12400    87.987079    130.87411   -15.744724    1.0188741 
   12500     87.98687     130.8738   -15.744412    1.0188632 
   12600    87.986658    130.87349   -15.744098    1.0188525 
   12700    87.986446    130.87317   -15.743781    1.0188419 
   12800    87.986231    130.87285   -15.743462    1.0188315 
   12900    87.986014    130.87253    -15.74314    1.0188211 
   13000    87.985796     130.8722   -15.742868    1.0188097 
   13100    87.985577    130.87188   -15.742541    1.0187997 
   13200    87.985355    130.87155   -15.742212    1.0187898 
   13300    87.985132    130.87122    -15.74188      1.01878 
   13400    87.984907    130.87088   -15.741546    1.0187704 
   13500    87.984681    130.87054   -15.741209    1.0187609 
   13600    87.984452    130.87021   -15.740869    1.0187516 
   13700    87.984223    130.86986   -15.740527    1.0187424 
   13800    87.983991    130.86952   -15.740183    1.0187333 
   13900    87.983758    130.86917   -15.739835    1.0187244 
   14000    87.983523    130.86882   -15.739486    1.0187156 
   14100    87.983286    130.86847   -15.739134     1.018707 
   14200    87.983047    130.86812   -15.738779    1.0186985 
   14300    87.982807    130.86776   -15.738422    1.0186901 
   14400    87.982565     130.8674   -15.738062    1.0186819 
   14500    87.982322    130.86704     -15.7377    1.0186738 
   14600    87.982077    130.86667   -15.737335    1.0186659 
   14700     87.98183     130.8663   -15.736968    1.0186581 
   14800    87.981581    130.86593   -15.736598    1.0186504 
   14900    87.981331    130.86556   -15.736226    1.0186429 
   15000    87.981079    130.86519   -15.735851    1.0186355 
   15100    87.980825    130.86481   -15.735473    1.0186282 
   15200    87.980569    130.86443   -15.735093    1.0186211 
   15300    87.980312    130.86405   -15.734711    1.0186142 
   15400    87.980053    130.86366   -15.734326    1.0186073 
   15500    87.979793    130.86327   -15.733938    1.0186006 
   15600    87.979531    130.86288   -15.733548    1.0185941 
   15700    87.979267    130.86249   -15.733156    1.0185877 
   15800    87.979001     130.8621    -15.73276    1.0185814 
   15900    87.978734     130.8617   -15.732363    1.0185753 
   16000    87.978464     130.8613   -15.731962    1.0185693 
   16100    87.978194     130.8609    -15.73156    1.0185634 
   16200    87.977921    130.86049   -15.731154    1.0185577 
   16300    87.977647    130.86008   -15.730746    1.0185521 
   16400    87.977371    130.85967   -15.730336    1.0185467 
   16500    87.977093    130.85926   -15.729923    1.0185414 
   16600    87.976814    130.85884   -15.729507    1.0185363 
   16700    87.976533    130.85843   -15.729089    1.0185312 
   16800     87.97625      130.858   -15.728669    1.0185264 
   16900    87.975966    130.85758   -15.728246    1.0185216 
   17000    87.975679    130.85716    -15.72782     1.018517 
   17100    87.975391    130.85673   -15.727392    1.0185126 
   17200    87.975102     130.8563   -15.726961    1.0185083 
   17300    87.974811    130.85586   -15.726527    1.0185041 
   17400    87.974517    130.85543   -15.726092    1.0185001 
   17500    87.974223    130.85499   -15.725653    1.0184962 
   17600    87.973926    130.85455   -15.725212    1.0184924 
   17700    87.973628     130.8541   -15.724769    1.0184888 
   17800    87.973328    130.85366   -15.724323    1.0184853 
   17900    87.973027    130.85321   -15.723874     1.018482 
   18000    87.972723    130.85276   -15.723423    1.0184788 
   18100    87.972418     130.8523   -15.722969    1.0184758 
   18200    87.972111    130.85185   -15.722513    1.0184729 
   18300    87.971803    130.85139   -15.722054    1.0184701 
   18400    87.971493    130.85093   -15.721592    1.0184674 
   18500    87.971181    130.85046   -15.721128     1.018465 
   18600    87.970867       130.85   -15.720662    1.0184626 
   18700    87.970552    130.84953   -15.720193    1.0184604 
   18800    87.970235    130.84906   -15.719721    1.0184583 
   18900    87.969916    130.84858   -15.719247    1.0184564 
   19000    87.969595    130.84811    -15.71877    1.0184546 
   19100    87.969273    130.84763   -15.718291    1.0184529 
   19200    87.968949    130.84714   -15.717809    1.0184514 
   19300    87.968623    130.84666   -15.717324    1.0184501 
   19400    87.968296    130.84617   -15.716837    1.0184488 
   19500    87.967967    130.84568   -15.716348    1.0184478 
   19600    87.967636    130.84519   -15.715856    1.0184468 
   19700    87.967303     130.8447   -15.715361     1.018446 
   19800    87.966969     130.8442   -15.714864    1.0184453 
   19900    87.966633     130.8437   -15.714364    1.0184448 
   20000    87.966295     130.8432   -15.713861    1.0184444 
   20100    87.965956    130.84269   -15.713356    1.0184442 
   20200    87.965614    130.84218   -15.712849    1.0184441 
   20300    87.965271    130.84167   -15.712339    1.0184441 
   20400    87.964927    130.84116   -15.711826    1.0184443 
   20500     87.96458    130.84065   -15.711311    1.0184446 
   20600    87.964232    130.84013   -15.710793    1.0184451 
   20700    87.963882    130.83961   -15.710272    1.0184457 
   20800    87.963531    130.83909   -15.709749    1.0184464 
   20900    87.963177    130.83856   -15.709224    1.0184473 
   21000    87.962822    130.83803   -15.708696    1.0184483 
   21100    87.962465     130.8375   -15.708165    1.0184495 
   21200    87.962107    130.83697   -15.707632    1.0184508 
   21300    87.961746    130.83643   -15.707096    1.0184522 
   21400    87.961384    130.83589   -15.706557    1.0184538 
   21500    87.961021    130.83535   -15.706016    1.0184555 
   21600    87.960655    130.83481   -15.705472    1.0184574 
   21700    87.960288    130.83426   -15.704926    1.0184594 
   21800    87.959919    130.83371   -15.704377    1.0184615 
   21900    87.959548    130.83316   -15.703826    1.0184638 
   22000    87.959176    130.83261   -15.703272    1.0184663 
   22100    87.958802    130.83205   -15.702715    1.0184688 
   22200    87.958426    130.83149   -15.702156    1.0184715 
   22300    87.958048    130.83093   -15.701594    1.0184744 
   22400    87.957669    130.83037    -15.70103    1.0184774 
   22500    87.957287     130.8298   -15.700463    1.0184805 
   22600    87.956904    130.82923   -15.699894    1.0184838 
   22700     87.95652    130.82866   -15.699321    1.0184872 
   22800    87.956133    130.82808   -15.698747    1.0184908 
   22900    87.955745    130.82751   -15.698169    1.0184945 
   23000    87.955355    130.82693   -15.697589    1.0184983 
   23100    87.954964    130.82634   -15.697007    1.0185023 
   23200     87.95457    130.82576   -15.696422    1.0185064 
   23300    87.954175    130.82517   -15.695834    1.0185107 
   23400    87.953778    130.82458   -15.695244    1.0185151 
   23500     87.95338    130.82399   -15.694651    1.0185196 
   23600    87.952979    130.82339   -15.694055    1.0185243 
   23700    87.952577    130.82279   -15.693457    1.0185292 
   23800    87.952173    130.82219   -15.692856    1.0185341 
   23900    87.951768    130.82159   -15.692253    1.0185393 
   24000     87.95136    130.82098   -15.691647    1.0185445 
   24100    87.950951    130.82037   -15.691039    1.0185499 
   24200     87.95054    130.81976   -15.690427    1.0185554 
   24300    87.950128    130.81915   -15.689814    1.0185611 
   24400    87.949713    130.81853   -15.689197     1.018567 
   24500    87.949297    130.81791   -15.688578    1.0185729 
   24600    87.948879    130.81729   -15.687957     1.018579 
   24700     87.94846    130.81667   -15.687332    1.0185853 
   24800    87.948038    130.81604   -15.686706    1.0185917 
   24900    87.947615    130.81541   -15.686076    1.0185982 
   25000     87.94719    130.81478   -15.685444    1.0186049 
   25100    87.946763    130.81415   -15.684809    1.0186117 
   25200    87.946335    130.81351   -15.684172    1.0186186 
   25300    87.945905    130.81287   -15.683532    1.0186257 
   25400    87.945473    130.81223    -15.68289     1.018633 
   25500    87.945039    130.81158   -15.682244    1.0186404 
   25600    87.944603    130.81093   -15.681597    1.0186479 
   25700    87.944166    130.81028   -15.680946    1.0186555 
   25800    87.943727    130.80963   -15.680293    1.0186634 
   25900    87.943286    130.80897   -15.679637    1.0186713 
   26000    87.942844    130.80832   -15.678979    1.0186794 
   26100    87.942399    130.80765   -15.678318    1.0186876 
   26200    87.941953    130.80699   -15.677655     1.018696 
   26300    87.941505    130.80632   -15.676988    1.0187045 
   26400    87.941056    130.80566    -15.67632    1.0187132 
   26500    87.940604    130.80498   -15.675648     1.018722 
   26600    87.940151    130.80431   -15.674974    1.0187309 
   26700    87.939696    130.80363   -15.674297      1.01874 
   26800    87.939239    130.80295   -15.673618    1.0187493 
   26900    87.938781    130.80227   -15.672936    1.0187586 
   27000     87.93832    130.80159   -15.672251    1.0187681 
   27100    87.937858     130.8009   -15.671564    1.0187778 
   27200    87.937394    130.80021   -15.670874    1.0187876 
   27300    87.936929    130.79952   -15.670181    1.0187975 
   27400    87.936461    130.79882   -15.669486    1.0188076 
   27500    87.935992    130.79812   -15.668788    1.0188178 
   27600    87.935521    130.79742   -15.668088    1.0188282 
   27700    87.935049    130.79672   -15.667385    1.0188387 
   27800    87.934574    130.79601   -15.666679    1.0188494 
   27900    87.934098    130.79531    -15.66597    1.0188602 
   28000     87.93362     130.7946   -15.665259    1.0188711 
   28100     87.93314    130.79388   -15.664545    1.0188822 
   28200    87.932658    130.79316   -15.663829    1.0188934 
   28300    87.932175    130.79245    -15.66311    1.0189048 
   28400    87.931689    130.79172   -15.662388    1.0189163 
   28500    87.931202      130.791   -15.661664    1.0189279 
   28600    87.930714    130.79027   -15.660937    1.0189397 
   28700    87.930223    130.78954   -15.660207    1.0189517 
   28800    87.929731    130.78881   -15.659475    1.0189638 
   28900    87.929237    130.78808    -15.65874     1.018976 
   29000    87.928741    130.78734   -15.658002    1.0189884 
   29100    87.928243     130.7866   -15.657261    1.0190009 
   29200    87.927743    130.78585   -15.656518    1.0190135 
   29300    87.927242    130.78511   -15.655773    1.0190263 
   29400    87.926739    130.78436   -15.655024    1.0190392 
   29500    87.926234    130.78361   -15.654273    1.0190523 
   29600    87.925727    130.78286    -15.65352    1.0190656 
   29700    87.925219     130.7821   -15.652763    1.0190789 
   29800    87.924708    130.78134   -15.652004    1.0190924 
   29900    87.924196    130.78058   -15.651242    1.0191061 
   30000    87.923682    130.77981   -15.650478    1.0191199 
   30100    87.923167    130.77905   -15.649711    1.0191338 
   30200    87.922649    130.77828   -15.648941    1.0191479 
   30300     87.92213     130.7775   -15.648169    1.0191621 
   30400    87.921609    130.77673   -15.647394    1.0191765 
   30500    87.921086    130.77595   -15.646616     1.019191 
   30600    87.920561    130.77517   -15.645835    1.0192057 
   30700    87.920034    130.77439   -15.645052    1.0192205 
   30800    87.919506     130.7736   -15.644266    1.0192354 
   30900    87.918976    130.77281   -15.643478    1.0192505 
   31000    87.918444    130.77202   -15.642687    1.0192657 
   31100     87.91791    130.77123   -15.641893    1.0192811 
   31200    87.917375    130.77043   -15.641096    1.0192966 
   31300    87.916837    130.76963   -15.640297    1.0193123 
   31400    87.916298    130.76883   -15.639495    1.0193281 
   31500    87.915757    130.76803    -15.63869     1.019344 
   31600    87.915214    130.76722   -15.637883    1.0193601 
   31700     87.91467    130.76641   -15.637072    1.0193763 
   31800    87.914123     130.7656    -15.63626    1.0193927 
   31900    87.913575    130.76478   -15.635444    1.0194092 
   32000    87.913025    130.76396   -15.634626    1.0194259 
   32100    87.912473    130.76314   -15.633805    1.0194427 
   32200    87.911919    130.76232   -15.632981    1.0194597 
   32300    87.911364    130.76149   -15.632155    1.0194768 
   32400    87.910806    130.76066   -15.631326     1.019494 
   32500    87.910247    130.75983   -15.630494    1.0195114 
   32600    87.909686      130.759    -15.62966    1.0195289 
   32700    87.909123    130.75816   -15.628823    1.0195466 
   32800    87.908559    130.75732   -15.627983    1.0195644 
   32900    87.907992    130.75648    -15.62714    1.0195823 
   33000    87.907424    130.75563   -15.626295    1.0196005 
   33100    87.906854    130.75478   -15.625447    1.0196187 
   33200    87.906282    130.75393   -15.624596    1.0196371 
   33300    87.905708    130.75308   -15.623743    1.0196556 
   33400    87.905133    130.75222   -15.622887    1.0196743 
   33500    87.904555    130.75136   -15.622028    1.0196931 
   33600    87.903976     130.7505   -15.621166    1.0197121 
   33700    87.903395    130.74964   -15.620302    1.0197312 
   33800    87.902812    130.74877   -15.619435    1.0197505 
   33900    87.902227     130.7479   -15.618565    1.0197699 
   34000    87.901641    130.74703   -15.617693    1.0197894 
   34100    87.901052    130.74615   -15.616817    1.0198091 
   34200    87.900462    130.74528   -15.615939    1.0198289 
   34300     87.89987    130.74439   -15.615059    1.0198489 
   34400    87.899276    130.74351   -15.614175     1.019869 
   34500     87.89868    130.74263   -15.613289    1.0198893 
   34600    87.898082    130.74174     -15.6124    1.0199097 
   34700    87.897483    130.74084   -15.611509    1.0199302 
   34800    87.896882    130.73995   -15.610614    1.0199509 
   34900    87.896279    130.73905   -15.609717    1.0199718 
   35000    87.895674    130.73815   -15.608817    1.0199928 
   35100    87.895067    130.73725   -15.607915    1.0200139 
   35200    87.894458    130.73635   -15.607009    1.0200352 
   35300    87.893848    130.73544   -15.606101    1.0200566 
   35400    87.893235    130.73453    -15.60519    1.0200781 
   35500    87.892621    130.73361   -15.604277    1.0200999 
   35600    87.892005     130.7327    -15.60336    1.0201217 
   35700    87.891387    130.73178   -15.602441    1.0201437 
   35800    87.890767    130.73086   -15.601519    1.0201658 
   35900    87.890146    130.72993   -15.600595    1.0201881 
   36000    87.889522      130.729   -15.599668    1.0202106 
   36100    87.888897    130.72807   -15.598737    1.0202331 
   36200     87.88827    130.72714   -15.597805    1.0202559 
   36300    87.887641     130.7262   -15.596869    1.0202787 
   36400     87.88701    130.72527   -15.595931    1.0203017 
   36500    87.886377    130.72433   -15.594989    1.0203249 
   36600    87.885742    130.72338   -15.594045    1.0203482 
   36700    87.885106    130.72243   -15.593099    1.0203716 
   36800    87.884468    130.72149   -15.592149    1.0203952 
   36900    87.883827    130.72053   -15.591197    1.0204189 
   37000    87.883185    130.71958   -15.590242    1.0204428 
   37100    87.882542    130.71862   -15.589284    1.0204668 
   37200    87.881896    130.71766   -15.588324     1.020491 
   37300    87.881248     130.7167   -15.587361    1.0205153 
   37400    87.880599    130.71573   -15.586394    1.0205398 
   37500    87.879947    130.71476   -15.585426    1.0205644 
   37600    87.879294    130.71379   -15.584454    1.0205891 
   37700    87.878639    130.71282    -15.58348     1.020614 
   37800    87.877982    130.71184   -15.582502    1.0206391 
   37900    87.877323    130.71086   -15.581522    1.0206643 
   38000    87.876662    130.70988    -15.58054    1.0206896 
   38100       87.876    130.70889   -15.579554    1.0207151 
   38200    87.875335     130.7079   -15.578566    1.0207407 
   38300    87.874669    130.70691   -15.577575    1.0207664 
   38400    87.874001    130.70592   -15.576581    1.0207923 
   38500    87.873331    130.70492   -15.575584    1.0208184 
   38600    87.872659    130.70392   -15.574585    1.0208446 
   38700    87.871985    130.70292   -15.573582    1.0208709 
   38800    87.871309    130.70191   -15.572577    1.0208974 
   38900    87.870632    130.70091   -15.571569    1.0209241 
   39000    87.869952    130.69989   -15.570559    1.0209508 
   39100    87.869271    130.69888   -15.569545    1.0209778 
   39200    87.868588    130.69787   -15.568529    1.0210048 
   39300    87.867903    130.69685    -15.56751    1.0210321 
   39400    87.867216    130.69582   -15.566488    1.0210594 
   39500    87.866527     130.6948   -15.565463    1.0210869 
   39600    87.865836    130.69377   -15.564436    1.0211146 
   39700    87.865143    130.69274   -15.563406    1.0211424 
   39800    87.864449    130.69171   -15.562373    1.0211703 
   39900    87.863752    130.69067   -15.561337    1.0211984 
   40000    87.863054    130.68963   -15.560298    1.0212266 
   40100    87.862354    130.68859   -15.559256     1.021255 
   40200    87.861652    130.68755   -15.558212    1.0212835 
   40300    87.860948     130.6865   -15.557165    1.0213122 
   40400    87.860242    130.68545   -15.556115     1.021341 
   40500    87.859534     130.6844   -15.555062      1.02137 
   40600    87.858824    130.68334   -15.554007    1.0213991 
   40700    87.858113    130.68228   -15.552948    1.0214283 
   40800    87.857399    130.68122   -15.551887    1.0214577 
   40900    87.856684    130.68016   -15.550823    1.0214873 
   41000    87.855967    130.67909   -15.549756     1.021517 
   41100    87.855247    130.67802   -15.548686    1.0215468 
   41200    87.854526    130.67695   -15.547614    1.0215768 
   41300    87.853803    130.67587   -15.546539    1.0216069 
   41400    87.853079     130.6748    -15.54546    1.0216372 
   41500    87.852352    130.67372   -15.544379    1.0216676 
   41600    87.851623    130.67263   -15.543295    1.0216981 
   41700    87.850892    130.67154   -15.542209    1.0217288 
   41800     87.85016    130.67046   -15.541119    1.0217597 
   41900    87.849426    130.66936   -15.540027    1.0217907 
   42000    87.848689    130.66827   -15.538932    1.0218218 
   42100    87.847951    130.66717   -15.537834    1.0218531 
   42200    87.847211    130.66607   -15.536733    1.0218846 
   42300    87.846469    130.66497   -15.535629    1.0219161 
   42400    87.845725    130.66386   -15.534523    1.0219479 
   42500    87.844979    130.66275   -15.533413    1.0219797 
   42600    87.844231    130.66164   -15.532301    1.0220118 
   42700    87.843482    130.66052   -15.531186    1.0220439 
   42800     87.84273     130.6594   -15.530068    1.0220762 
   42900    87.841977    130.65828   -15.528947    1.0221087 
   43000    87.841221    130.65716   -15.527823    1.0221413 
   43100    87.840464    130.65603   -15.526697     1.022174 
   43200    87.839705     130.6549   -15.525568    1.0222069 
   43300    87.838943    130.65377   -15.524435      1.02224 
   43400     87.83818    130.65264     -15.5233    1.0222731 
   43500    87.837415     130.6515   -15.522162    1.0223065 
   43600    87.836648    130.65036   -15.521022      1.02234 
   43700    87.835879    130.64921   -15.519878    1.0223736 
   43800    87.835109    130.64807   -15.518732    1.0224073 
   43900    87.834336    130.64692   -15.517582    1.0224413 
   44000    87.833561    130.64577    -15.51643    1.0224753 
   44100    87.832785    130.64461   -15.515275    1.0225095 
   44200    87.832006    130.64345   -15.514117    1.0225439 
   44300    87.831226    130.64229   -15.512956    1.0225784 
   44400    87.830443    130.64113   -15.511792     1.022613 
   44500    87.829659    130.63996   -15.510626    1.0226478 
   44600    87.828873    130.63879   -15.509456    1.0226827 
   44700    87.828085    130.63762   -15.508284    1.0227178 
   44800    87.827295    130.63645   -15.507109     1.022753 
   44900    87.826503    130.63527   -15.505931    1.0227884 
   45000    87.825709    130.63409    -15.50475    1.0228239 
   45100    87.824913     130.6329   -15.503566    1.0228596 
   45200    87.824115    130.63172    -15.50238    1.0228954 
   45300    87.823315    130.63053    -15.50119    1.0229313 
   45400    87.822514    130.62933   -15.499998    1.0229674 
   45500     87.82171    130.62814   -15.498802    1.0230037 
   45600    87.820905    130.62694   -15.497604    1.0230401 
   45700    87.820097    130.62574   -15.496403    1.0230766 
   45800    87.819288    130.62454   -15.495199    1.0231133 
   45900    87.818476    130.62333   -15.493992    1.0231501 
   46000    87.817663    130.62212   -15.492782    1.0231871 
   46100    87.816848    130.62091    -15.49157    1.0232242 
   46200    87.816031    130.61969   -15.490354    1.0232615 
   46300    87.815211    130.61847   -15.489136    1.0232989 
   46400     87.81439    130.61725   -15.487915    1.0233365 
   46500    87.813567    130.61603    -15.48669    1.0233742 
   46600    87.812742     130.6148   -15.485463     1.023412 
   46700    87.811915    130.61357   -15.484233      1.02345 
   46800    87.811087    130.61234      -15.483    1.0234882 
   46900    87.810256     130.6111   -15.481765    1.0235264 
   47000    87.809423    130.60986   -15.480526    1.0235649 
   47100    87.808588    130.60862   -15.479284    1.0236034 
   47200    87.807752    130.60738    -15.47804    1.0236422 
   47300    87.806913    130.60613   -15.476793     1.023681 
   47400    87.806072    130.60488   -15.475542    1.0237201 
   47500     87.80523    130.60363   -15.474289    1.0237592 
   47600    87.804385    130.60237   -15.473033    1.0237985 
   47700    87.803539    130.60111   -15.471774     1.023838 
   47800    87.802691    130.59985   -15.470512    1.0238776 
   47900     87.80184    130.59858   -15.469247    1.0239173 
   48000    87.800988    130.59732   -15.467979    1.0239572 
   48100    87.800134    130.59604   -15.466709    1.0239972 
   48200    87.799277    130.59477   -15.465435    1.0240374 
   48300    87.798419    130.59349   -15.464159    1.0240778 
   48400    87.797559    130.59222   -15.462879    1.0241182 
   48500    87.796697    130.59093   -15.461597    1.0241588 
   48600    87.795833    130.58965   -15.460312    1.0241996 
   48700    87.794967    130.58836   -15.459024    1.0242405 
   48800    87.794099    130.58707   -15.457733    1.0242816 
   48900    87.793229    130.58577   -15.456439    1.0243228 
   49000    87.792357    130.58448   -15.455142    1.0243641 
   49100    87.791483    130.58318   -15.453842    1.0244056 
   49200    87.790607    130.58188   -15.452539    1.0244472 
   49300     87.78973    130.58057   -15.451234     1.024489 
   49400     87.78885    130.57926   -15.449925     1.024531 
   49500    87.787968    130.57795   -15.448613     1.024573 
   49600    87.787084    130.57664   -15.447299    1.0246153 
   49700    87.786199    130.57532   -15.445982    1.0246576 
   49800    87.785311      130.574   -15.444609    1.0247014 
   49900    87.784421    130.57267   -15.443286     1.024744 
   50000     87.78353    130.57135    -15.44196    1.0247868 
   50100    87.782636    130.57002   -15.440631    1.0248298 
   50200    87.781741    130.56869   -15.439299    1.0248728 
   50300    87.780843    130.56735   -15.437964    1.0249161 
   50400    87.779944    130.56601   -15.436626    1.0249595 
   50500    87.779042    130.56467   -15.435285     1.025003 
   50600    87.778139    130.56333   -15.433941    1.0250467 
   50700    87.777234    130.56198   -15.432594    1.0250905 
   50800    87.776326    130.56063   -15.431245    1.0251344 
   50900    87.775417    130.55928   -15.429892    1.0251785 
   51000    87.774506    130.55793   -15.428537    1.0252228 
   51100    87.773592    130.55657   -15.427178    1.0252672 
   51200    87.772677    130.55521   -15.425817    1.0253117 
   51300     87.77176    130.55384   -15.424453    1.0253564 
   51400    87.770841    130.55247   -15.423085    1.0254013 
   51500     87.76992     130.5511   -15.421715    1.0254462 
   51600    87.768996    130.54973   -15.420342    1.0254913 
   51700    87.768071    130.54835   -15.418966    1.0255366 
   51800    87.767144    130.54698   -15.417587     1.025582 
   51900    87.766215    130.54559   -15.416205    1.0256276 
   52000    87.765284    130.54421    -15.41482    1.0256733 
   52100    87.764351    130.54282   -15.413432    1.0257191 
   52200    87.763416    130.54143   -15.412041    1.0257651 
   52300    87.762479    130.54004   -15.410648    1.0258113 
   52400     87.76154    130.53864   -15.409251    1.0258575 
   52500    87.760599    130.53724   -15.407851     1.025904 
   52600    87.759656    130.53584   -15.406449    1.0259505 
   52700    87.758711    130.53443   -15.405043    1.0259972 
   52800    87.757764    130.53302   -15.403635    1.0260441 
   52900    87.756815    130.53161   -15.402223    1.0260911 
   53000    87.755864     130.5302   -15.400809    1.0261382 
   53100    87.754911    130.52878   -15.399391    1.0261855 
   53200    87.753956    130.52736   -15.397971     1.026233 
   53300    87.752999    130.52594   -15.396548    1.0262805 
   53400     87.75204    130.52451   -15.395121    1.0263283 
   53500     87.75108    130.52308   -15.393692    1.0263761 
   53600    87.750117    130.52165    -15.39226    1.0264241 
   53700    87.749152    130.52021   -15.390825    1.0264723 
   53800    87.748185    130.51878   -15.389387    1.0265206 
   53900    87.747216    130.51733   -15.387946     1.026569 
   54000    87.746246    130.51589   -15.386502    1.0266176 
   54100    87.745273    130.51444   -15.385055    1.0266664 
   54200    87.744298    130.51299   -15.383605    1.0267152 
   54300    87.743321    130.51154   -15.382152    1.0267642 
   54400    87.742342    130.51008   -15.380696    1.0268134 
   54500    87.741362    130.50863   -15.379238    1.0268627 
   54600    87.740379    130.50716   -15.377776    1.0269122 
   54700    87.739394     130.5057   -15.376311    1.0269618 
   54800    87.738408    130.50423   -15.374844    1.0270115 
   54900    87.737419    130.50276   -15.373373    1.0270614 
   55000    87.736428    130.50129   -15.371899    1.0271114 
   55100    87.735435    130.49981   -15.370423    1.0271616 
   55200    87.734441    130.49833   -15.368943    1.0272119 
   55300    87.733444    130.49685   -15.367461    1.0272623 
   55400    87.732445    130.49536   -15.365975    1.0273129 
   55500    87.731445    130.49388   -15.364487    1.0273637 
   55600    87.730442    130.49238   -15.362996    1.0274145 
   55700    87.729438    130.49089   -15.361501    1.0274656 
   55800    87.728431    130.48939   -15.360004    1.0275167 
   55900    87.727422    130.48789   -15.358504     1.027568 
   56000    87.726412    130.48639   -15.357001    1.0276195 
   56100    87.725399    130.48488   -15.355494    1.0276711 
   56200    87.724384    130.48337   -15.353985    1.0277228 
   56300    87.723368    130.48186   -15.352473    1.0277747 
   56400    87.722349    130.48035   -15.350958    1.0278267 
   56500    87.721329    130.47883    -15.34944    1.0278789 
   56600    87.720306    130.47731   -15.347919    1.0279312 
   56700    87.719282    130.47578   -15.346395    1.0279837 
   56800    87.718255    130.47426   -15.344868    1.0280362 
   56900    87.717226    130.47273   -15.343338     1.028089 
   57000    87.716196    130.47119   -15.341805    1.0281419 
   57100    87.715163    130.46966   -15.340269    1.0281949 
   57200    87.714129    130.46812   -15.338731     1.028248 
   57300    87.713092    130.46658   -15.337189    1.0283013 
   57400    87.712054    130.46503   -15.335644    1.0283548 
   57500    87.711013    130.46348   -15.334096    1.0284084 
   57600    87.709971    130.46193   -15.332546    1.0284621 
   57700    87.708926    130.46038   -15.330992     1.028516 
   57800     87.70788    130.45882   -15.329435      1.02857 
   57900    87.706831    130.45726   -15.327876    1.0286241 
   58000    87.705781     130.4557   -15.326313    1.0286784 
   58100    87.704728    130.45414   -15.324748    1.0287329 
   58200    87.703674    130.45257   -15.323179    1.0287874 
   58300    87.702617      130.451   -15.321608    1.0288421 
   58400    87.701559    130.44942   -15.320033     1.028897 
   58500    87.700498    130.44784   -15.318456     1.028952 
   58600    87.699436    130.44626   -15.316876    1.0290071 
   58700    87.698371    130.44468   -15.315292    1.0290624 
   58800    87.697305    130.44309   -15.313706    1.0291178 
   58900    87.696236    130.44151   -15.312117    1.0291734 
   59000    87.695166    130.43991   -15.310525    1.0292291 
   59100    87.694093    130.43832    -15.30893    1.0292849 
   59200    87.693019    130.43672   -15.307332    1.0293409 
   59300    87.691943    130.43512    -15.30573    1.0293971 
   59400    87.690864    130.43351   -15.304179    1.0294521 
   59500    87.689784    130.43191   -15.302572    1.0295085 
   59600    87.688701     130.4303   -15.300962     1.029565 
   59700    87.687617    130.42868   -15.299349    1.0296217 
   59800    87.686531    130.42707   -15.297733    1.0296785 
   59900    87.685442    130.42545   -15.296114    1.0297355 
   60000    87.684352    130.42383   -15.294492    1.0297926 
   60100     87.68326     130.4222   -15.292868    1.0298498 
   60200    87.682165    130.42058    -15.29124    1.0299072 
   60300    87.681069    130.41895   -15.289609    1.0299647 
   60400    87.679971    130.41731   -15.287976    1.0300224 
   60500     87.67887    130.41567   -15.286339    1.0300802 
   60600    87.677768    130.41404   -15.284699    1.0301381 
   60700    87.676664    130.41239   -15.283057    1.0301962 
   60800    87.675558    130.41075   -15.281411    1.0302544 
   60900    87.674449     130.4091   -15.279815    1.0303115 
   61000    87.673339    130.40745   -15.278164      1.03037 
   61100    87.672227    130.40579    -15.27651    1.0304286 
   61200    87.671113    130.40414   -15.274852    1.0304874 
   61300    87.669997    130.40248   -15.273192    1.0305463 
   61400    87.668878    130.40081   -15.271529    1.0306053 
   61500    87.667758    130.39915   -15.269863    1.0306645 
   61600    87.666636    130.39748   -15.268246    1.0307226 
   61700    87.665512    130.39581   -15.266574     1.030782 
   61800    87.664386    130.39413   -15.264899    1.0308416 
   61900    87.663258    130.39245   -15.263221    1.0309014 
   62000    87.662128    130.39077    -15.26154    1.0309612 
   62100    87.660996    130.38909   -15.259857    1.0310212 
   62200    87.659862     130.3874    -15.25817    1.0310814 
   62300    87.658726    130.38571    -15.25648    1.0311416 
   62400    87.657588    130.38402   -15.254788     1.031202 
   62500    87.656448    130.38232   -15.253092    1.0312626 
   62600    87.655306    130.38062   -15.251393    1.0313233 
   62700    87.654162    130.37892   -15.249692    1.0313841 
   62800    87.653016    130.37722   -15.247988     1.031445 
   62900    87.651868    130.37551    -15.24628    1.0315061 
   63000    87.650718     130.3738    -15.24457    1.0315674 
   63100    87.649567    130.37209   -15.242857    1.0316287 
   63200    87.648413    130.37037   -15.241141    1.0316902 
   63300    87.647257    130.36865   -15.239421    1.0317519 
   63400    87.646099    130.36693   -15.237699    1.0318136 
   63500     87.64494    130.36521   -15.235975    1.0318755 
   63600    87.643778    130.36348   -15.234247    1.0319376 
   63700    87.642614    130.36175   -15.232516    1.0319998 
   63800    87.641449    130.36001   -15.230782    1.0320621 
   63900    87.640281    130.35828   -15.229045    1.0321245 
   64000    87.639112    130.35654   -15.227306    1.0321871 
   64100     87.63794    130.35479   -15.225563    1.0322498 
   64200    87.636767    130.35305   -15.223818    1.0323126 
   64300    87.635591     130.3513    -15.22207    1.0323756 
   64400    87.634414    130.34955   -15.220318    1.0324387 
   64500    87.633235     130.3478   -15.218564     1.032502 
   64600    87.632053    130.34604   -15.216807    1.0325654 
   64700     87.63087    130.34428   -15.215047    1.0326289 
   64800    87.629685    130.34252   -15.213284    1.0326925 
   64900    87.628498    130.34075   -15.211518    1.0327563 
   65000    87.627309    130.33898    -15.20975    1.0328202 
   65100    87.626118    130.33721   -15.207978    1.0328843 
   65200    87.624925    130.33543   -15.206204    1.0329484 
   65300     87.62373    130.33366   -15.204426    1.0330128 
   65400    87.622533    130.33188   -15.202646    1.0330772 
   65500    87.621334    130.33009   -15.200863    1.0331418 
   65600    87.620133    130.32831   -15.199076    1.0332065 
   65700     87.61893    130.32652   -15.197287    1.0332713 
   65800    87.617726    130.32473   -15.195495    1.0333363 
   65900    87.616519    130.32293   -15.193701    1.0334014 
   66000     87.61531    130.32113   -15.191903    1.0334666 
   66100      87.6141    130.31933   -15.190102     1.033532 
   66200    87.612887    130.31753   -15.188299    1.0335975 
   66300    87.611673    130.31572   -15.186493    1.0336631 
   66400    87.610456    130.31391   -15.184683    1.0337289 
   66500    87.609238     130.3121   -15.182871    1.0337947 
   66600    87.608018    130.31029   -15.181056    1.0338607 
   66700    87.606796    130.30847   -15.179238    1.0339269 
   66800    87.605572    130.30665   -15.177418    1.0339932 
   66900    87.604346    130.30483   -15.175594    1.0340596 
   67000    87.603118      130.303   -15.173767    1.0341261 
   67100    87.601888    130.30117   -15.171938    1.0341928 
   67200    87.600656    130.29934   -15.170106    1.0342596 
   67300    87.599422     130.2975   -15.168271    1.0343265 
   67400    87.598187    130.29566   -15.166433    1.0343935 
   67500    87.596949    130.29382   -15.164592    1.0344607 
   67600     87.59571    130.29198   -15.162748     1.034528 
   67700    87.594468    130.29013   -15.160902    1.0345954 
   67800    87.593225    130.28828   -15.159052     1.034663 
   67900     87.59198    130.28643     -15.1572    1.0347307 
   68000    87.590732    130.28458   -15.155345    1.0347985 
   68100    87.589483    130.28272   -15.153487    1.0348664 
   68200    87.588232    130.28086   -15.151626    1.0349345 
   68300    87.586979    130.27899   -15.149763    1.0350027 
   68400    87.585725    130.27713   -15.147896     1.035071 
   68500    87.584468    130.27526   -15.146027    1.0351394 
   68600    87.583209    130.27339   -15.144155     1.035208 
   68700    87.581949    130.27151    -15.14228    1.0352767 
   68800    87.580686    130.26963   -15.140402    1.0353455 
   68900    87.579422    130.26775   -15.138522    1.0354145 
   69000    87.578156    130.26587   -15.136638    1.0354836 
   69100    87.576888    130.26398   -15.134752    1.0355528 
   69200    87.575618    130.26209   -15.132863    1.0356221 
   69300    87.574346     130.2602   -15.131024    1.0356903 
   69400    87.573072    130.25831   -15.129129    1.0357599 
   69500    87.571796    130.25641   -15.127232    1.0358296 
   69600    87.570519    130.25451   -15.125332    1.0358994 
   69700     87.56924    130.25261   -15.123376    1.0359705 
   69800    87.567958     130.2507    -15.12147    1.0360406 
   69900    87.566675    130.24879   -15.119562    1.0361108 
   70000     87.56539    130.24688    -15.11765    1.0361811 
   70100    87.564103    130.24497   -15.115736    1.0362515 
   70200    87.562814    130.24305   -15.113819    1.0363221 
   70300    87.561524    130.24113   -15.111899    1.0363928 
   70400    87.560231    130.23921   -15.109977    1.0364636 
   70500    87.558937    130.23728   -15.108052    1.0365345 
   70600    87.557641    130.23535   -15.106124    1.0366055 
   70700    87.556342    130.23342   -15.104193    1.0366767 
   70800    87.555042    130.23149   -15.102259     1.036748 
   70900    87.553741    130.22955   -15.100323    1.0368194 
   71000    87.552437    130.22761   -15.098384    1.0368909 
   71100    87.551131    130.22567   -15.096442    1.0369626 
   71200    87.549824    130.22373   -15.094497    1.0370343 
   71300    87.548515    130.22178    -15.09255    1.0371062 
   71400    87.547204    130.21983     -15.0906    1.0371782 
   71500    87.545891    130.21788   -15.088647    1.0372503 
   71600    87.544576    130.21592   -15.086691    1.0373226 
   71700     87.54326    130.21396   -15.084733    1.0373949 
   71800    87.541941      130.212   -15.082772    1.0374674 
   71900    87.540621    130.21004   -15.080808      1.03754 
   72000    87.539299    130.20807   -15.078842    1.0376127 
   72100    87.537975     130.2061   -15.076873    1.0376855 
   72200    87.536649    130.20413   -15.074901    1.0377585 
   72300    87.535322    130.20216   -15.072926    1.0378315 
   72400    87.533992    130.20018   -15.070949    1.0379047 
   72500    87.532661     130.1982   -15.068969     1.037978 
   72600    87.531328    130.19622   -15.066986    1.0380514 
   72700    87.529994    130.19423   -15.065001    1.0381249 
   72800    87.528657    130.19224   -15.063013    1.0381986 
   72900    87.527319    130.19025   -15.061022    1.0382723 
   73000    87.525978    130.18826   -15.059028    1.0383462 
   73100    87.524636    130.18626   -15.057032    1.0384202 
   73200    87.523293    130.18426   -15.055034    1.0384943 
   73300    87.521947    130.18226   -15.053032    1.0385685 
   73400      87.5206    130.18026   -15.050976    1.0386441 
   73500    87.519251    130.17825   -15.048969    1.0387185 
   73600      87.5179    130.17624   -15.046959    1.0387931 
   73700    87.516547    130.17423   -15.044947    1.0388677 
   73800    87.515192    130.17222   -15.042933    1.0389425 
   73900    87.513836     130.1702   -15.040915    1.0390174 
   74000    87.512478    130.16818   -15.038895    1.0390924 
   74100    87.511118    130.16616   -15.036873    1.0391675 
   74200    87.509757    130.16413   -15.034848    1.0392427 
   74300    87.508393     130.1621    -15.03282    1.0393181 
   74400    87.507028    130.16007   -15.030789    1.0393935 
   74500    87.505661    130.15804   -15.028756    1.0394691 
   74600    87.504293      130.156   -15.026721    1.0395447 
   74700    87.502923    130.15397   -15.024682    1.0396205 
   74800     87.50155    130.15193   -15.022641    1.0396964 
   74900    87.500177    130.14988   -15.020598    1.0397724 
   75000    87.498801    130.14784   -15.018552    1.0398485 
   75100    87.497424    130.14579   -15.016503    1.0399247 
   75200    87.496045    130.14374   -15.014452     1.040001 
   75300    87.494664    130.14168   -15.012398    1.0400774 
   75400    87.493282    130.13963   -15.010342     1.040154 
   75500    87.491897    130.13757   -15.008283    1.0402306 
   75600    87.490511    130.13551   -15.006222    1.0403073 
   75700    87.489124    130.13344   -15.004158    1.0403842 
   75800    87.487734    130.13137   -15.002091    1.0404612 
   75900    87.486343    130.12931   -15.000022    1.0405382 
   76000    87.484951    130.12723   -14.997951    1.0406154 
   76100    87.483556    130.12516   -14.995876    1.0406927 
   76200     87.48216    130.12308     -14.9938      1.04077 
   76300    87.480762      130.121   -14.991721    1.0408475 
   76400    87.479363    130.11892   -14.989639    1.0409251 
   76500    87.477962    130.11684   -14.987555    1.0410028 
   76600    87.476559    130.11475   -14.985468    1.0410806 
   76700    87.475154    130.11266   -14.983379    1.0411585 
   76800    87.473748    130.11057   -14.981287    1.0412365 
   76900     87.47234    130.10848   -14.979193    1.0413145 
   77000     87.47093    130.10638   -14.977096    1.0413927 
   77100    87.469519    130.10428   -14.974997     1.041471 
   77200    87.468106    130.10218   -14.972896    1.0415494 
   77300    87.466692    130.10008   -14.970792    1.0416279 
   77400    87.465276    130.09797   -14.968685    1.0417065 
   77500    87.463858    130.09586   -14.966576    1.0417852 
   77600    87.462438    130.09375   -14.964465     1.041864 
   77700    87.461017    130.09163   -14.962351    1.0419429 
   77800    87.459595    130.08952   -14.960235    1.0420219 
   77900     87.45817     130.0874   -14.958116     1.042101 
   78000    87.456744    130.08528   -14.955995    1.0421802 
   78100    87.455317    130.08316   -14.953872    1.0422595 
   78200    87.453887    130.08103   -14.951746    1.0423389 
   78300    87.452457     130.0789   -14.949618    1.0424184 
   78400    87.451024    130.07677   -14.947487    1.0424979 
   78500     87.44959    130.07464   -14.945354    1.0425776 
   78600    87.448154     130.0725   -14.943219    1.0426574 
   78700    87.446717    130.07036   -14.941081    1.0427372 
   78800    87.445278    130.06822   -14.938941    1.0428172 
   78900    87.443838    130.06608   -14.936799    1.0428972 
   79000    87.442396    130.06394   -14.934654    1.0429774 
   79100    87.440953    130.06179   -14.932507    1.0430576 
   79200    87.439507    130.05964   -14.930357     1.043138 
   79300    87.438061    130.05749   -14.928205    1.0432184 
   79400    87.436612    130.05533   -14.926051    1.0432989 
   79500    87.435163    130.05318   -14.923895    1.0433795 
   79600    87.433711    130.05102   -14.921736    1.0434602 
   79700    87.432258    130.04886   -14.919575     1.043541 
   79800    87.430804     130.0467   -14.917411    1.0436219 
   79900    87.429348    130.04453   -14.915246    1.0437028 
   80000    87.427891    130.04236   -14.913078    1.0437839 
   80100    87.426432    130.04019   -14.910908     1.043865 
   80200    87.424971    130.03802   -14.908735    1.0439463 
   80300    87.423509    130.03584    -14.90656    1.0440276 
   80400    87.422045    130.03367   -14.904384     1.044109 
   80500     87.42058    130.03149   -14.902204    1.0441905 
   80600    87.419114    130.02931   -14.900023    1.0442721 
   80700    87.417646    130.02712   -14.897839    1.0443537 
   80800    87.416176    130.02494   -14.895653    1.0444355 
   80900    87.414705    130.02275   -14.893465    1.0445173 
   81000    87.413232    130.02056   -14.891275    1.0445993 
   81100    87.411758    130.01837   -14.889135      1.04468 
   81200    87.410283    130.01617    -14.88694    1.0447621 
   81300    87.408806    130.01397   -14.884743    1.0448443 
   81400    87.407327    130.01178   -14.882544    1.0449266 
   81500    87.405848    130.00957   -14.880343    1.0450089 
   81600    87.404366    130.00737    -14.87814    1.0450913 
   81700    87.402884    130.00517   -14.875934    1.0451738 
   81800    87.401399    130.00296   -14.873727    1.0452564 
   81900    87.399914    130.00075   -14.871517    1.0453391 
   82000    87.398427    129.99854   -14.869305    1.0454218 
   82100    87.396938    129.99632   -14.867091    1.0455047 
   82200    87.395448    129.99411   -14.864875    1.0455876 
   82300    87.393957    129.99189   -14.862657    1.0456706 
   82400    87.392464    129.98967   -14.860436    1.0457536 
   82500     87.39097    129.98745   -14.858214    1.0458368 
   82600    87.389475    129.98522    -14.85599      1.04592 
   82700    87.387978    129.98299   -14.853763    1.0460033 
   82800    87.386479    129.98077   -14.851534    1.0460866 
   82900     87.38498    129.97854   -14.849304    1.0461701 
   83000    87.383479     129.9763   -14.847071    1.0462536 
   83100    87.381976    129.97407   -14.844836    1.0463372 
   83200    87.380473    129.97183     -14.8426    1.0464209 
   83300    87.378968    129.96959   -14.840361    1.0465046 
   83400    87.377461    129.96735    -14.83812    1.0465884 
   83500    87.375953    129.96511   -14.835878    1.0466723 
   83600    87.374444    129.96286   -14.833633    1.0467563 
   83700    87.372934    129.96062   -14.831386    1.0468403 
   83800    87.371422    129.95837   -14.829138    1.0469244 
   83900    87.369909    129.95612   -14.826887    1.0470086 
   84000    87.368395    129.95387   -14.824634    1.0470928 
   84100    87.366879    129.95161    -14.82238    1.0471772 
   84200    87.365362    129.94935   -14.820124    1.0472615 
   84300    87.363844     129.9471   -14.817865     1.047346 
   84400    87.362324    129.94484   -14.815605    1.0474305 
   84500    87.360803    129.94257   -14.813343    1.0475151 
   84600    87.359281    129.94031   -14.811079    1.0475998 
   84700    87.357758    129.93804   -14.808813    1.0476845 
   84800    87.356233    129.93578   -14.806545    1.0477693 
   84900    87.354707    129.93351   -14.804275    1.0478541 
   85000     87.35318    129.93123   -14.802004     1.047939 
   85100    87.351651    129.92896    -14.79973     1.048024 
   85200    87.350122    129.92669   -14.797455    1.0481091 
   85300    87.348591    129.92441   -14.795178    1.0481942 
   85400    87.347059    129.92213   -14.792899    1.0482793 
   85500    87.345526    129.91985   -14.790619    1.0483646 
   85600    87.343991    129.91757   -14.788336    1.0484499 
   85700    87.342455    129.91528   -14.786052    1.0485352 
   85800    87.340919      129.913   -14.783766    1.0486206 
   85900     87.33938    129.91071   -14.781478    1.0487061 
   86000    87.337841    129.90842   -14.779189    1.0487916 
   86100    87.336301    129.90613   -14.776897    1.0488772 
   86200    87.334759    129.90384   -14.774604    1.0489629 
   86300    87.333216    129.90154    -14.77231    1.0490486 
   86400    87.331673    129.89924   -14.770013    1.0491343 
   86500    87.330128    129.89695   -14.767715    1.0492202 
   86600    87.328581    129.89465   -14.765415     1.049306 
   86700    87.327034    129.89235   -14.763061    1.0493932 
   86800    87.325486    129.89004   -14.760758    1.0494792 
   86900    87.323936    129.88774   -14.758453    1.0495652 
   87000    87.322385    129.88543   -14.756147    1.0496513 
   87100    87.320834    129.88312   -14.753839    1.0497375 
   87200    87.319281    129.88081   -14.751529    1.0498237 
   87300    87.317727     129.8785   -14.749218    1.0499099 
   87400    87.316172    129.87619   -14.746905    1.0499962 
   87500    87.314616    129.87387    -14.74459    1.0500826 
   87600    87.313059    129.87156   -14.742274     1.050169 
   87700      87.3115    129.86924   -14.739956    1.0502554 
   87800    87.309941    129.86692   -14.737637    1.0503419 
   87900    87.308381     129.8646   -14.735316    1.0504284 
   88000    87.306819    129.86228   -14.732994     1.050515 
   88100    87.305257    129.85995    -14.73067    1.0506017 
   88200    87.303694    129.85763   -14.728344    1.0506884 
   88300    87.302129     129.8553   -14.726017    1.0507751 
   88400    87.300564    129.85297   -14.723689    1.0508619 
   88500    87.298997    129.85064   -14.721359    1.0509487 
   88600     87.29743    129.84831   -14.719028    1.0510355 
   88700    87.295862    129.84598   -14.716695    1.0511224 
   88800    87.294292    129.84364   -14.714361    1.0512094 
   88900    87.292722    129.84131   -14.712025    1.0512964 
   89000    87.291151    129.83897   -14.709688    1.0513834 
   89100    87.289579    129.83663   -14.707349    1.0514705 
   89200    87.288005    129.83429   -14.705009    1.0515576 
   89300    87.286431    129.83195   -14.702668    1.0516447 
   89400    87.284856    129.82961   -14.700325    1.0517319 
   89500     87.28328    129.82726   -14.697981    1.0518191 
   89600    87.281703    129.82492   -14.695636    1.0519064 
   89700    87.280126    129.82257   -14.693289    1.0519937 
   89800    87.278547    129.82022   -14.690941     1.052081 
   89900    87.276968    129.81787   -14.688591    1.0521684 
   90000    87.275387    129.81552   -14.686241    1.0522558 
   90100    87.273806    129.81317   -14.683889    1.0523432 
   90200    87.272224    129.81082   -14.681535    1.0524307 
   90300    87.270641    129.80846   -14.679181    1.0525182 
   90400    87.269057    129.80611   -14.676825    1.0526057 
   90500    87.267472    129.80375    -14.67452    1.0526921 
   90600    87.265887    129.80139   -14.672162    1.0527796 
   90700      87.2643    129.79903   -14.669802    1.0528673 
   90800    87.262713    129.79667   -14.667442    1.0529549 
   90900    87.261125    129.79431    -14.66508    1.0530426 
   91000    87.259537    129.79195   -14.662717    1.0531303 
   91100    87.257947    129.78958   -14.660352     1.053218 
   91200    87.256357    129.78722   -14.657987    1.0533058 
   91300    87.254766    129.78485    -14.65562    1.0533936 
   91400    87.253174    129.78248   -14.653253    1.0534814 
   91500    87.251581    129.78012   -14.650884    1.0535692 
   91600    87.249988    129.77775   -14.648514    1.0536571 
   91700    87.248394    129.77537   -14.646143     1.053745 
   91800    87.246799      129.773   -14.643771    1.0538329 
   91900    87.245204    129.77063   -14.641398    1.0539208 
   92000    87.243608    129.76825   -14.639024    1.0540088 
   92100    87.242011    129.76588   -14.636648    1.0540967 
   92200    87.240413     129.7635   -14.634272    1.0541847 
   92300    87.238815    129.76113   -14.631895    1.0542727 
   92400    87.237216    129.75875   -14.629517    1.0543607 
   92500    87.235617    129.75637   -14.627137    1.0544488 
   92600    87.234016    129.75399   -14.624757    1.0545368 
   92700    87.232416    129.75161   -14.622376    1.0546249 
   92800    87.230814    129.74923   -14.619994     1.054713 
   92900    87.229212    129.74684   -14.617611    1.0548011 
   93000    87.227609    129.74446   -14.615227    1.0548892 
   93100    87.226006    129.74207   -14.612842    1.0549773 
   93200    87.224402    129.73969   -14.610456    1.0550655 
   93300    87.222797     129.7373    -14.60807    1.0551536 
   93400    87.221192    129.73491   -14.605682    1.0552418 
   93500    87.219587    129.73253   -14.603294    1.0553299 
   93600     87.21798    129.73014   -14.600905    1.0554181 
   93700    87.216374    129.72775   -14.598515    1.0555063 
   93800    87.214766    129.72536   -14.596124    1.0555945 
   93900    87.213158    129.72296   -14.593733    1.0556827 
   94000     87.21155    129.72057    -14.59134    1.0557709 
   94100    87.209941    129.71818   -14.588947    1.0558591 
   94200    87.208332    129.71578   -14.586553    1.0559474 
   94300    87.206722    129.71339   -14.584159    1.0560356 
   94400    87.205112    129.71099   -14.581763    1.0561238 
   94500    87.203501     129.7086   -14.579367     1.056212 
   94600    87.201889     129.7062   -14.576971    1.0563003 
   94700    87.200278     129.7038   -14.574573    1.0563885 
   94800    87.198666    129.70141   -14.572123    1.0564779 
   94900    87.197053    129.69901   -14.569724    1.0565662 
   95000     87.19544    129.69661   -14.567325    1.0566544 
   95100    87.193826    129.69421   -14.564925    1.0567426 
   95200    87.192213    129.69181   -14.562525    1.0568309 
   95300    87.190598    129.68941   -14.560124    1.0569191 
   95400    87.188984    129.68701   -14.557722    1.0570073 
   95500    87.187369     129.6846    -14.55532    1.0570955 
   95600    87.185753     129.6822   -14.552917    1.0571837 
   95700    87.184137     129.6798   -14.550514    1.0572719 
   95800    87.182521    129.67739    -14.54811    1.0573601 
   95900    87.180905    129.67499   -14.545706    1.0574483 
   96000    87.179288    129.67258   -14.543301    1.0575364 
   96100    87.177671    129.67018   -14.540895    1.0576246 
   96200    87.176054    129.66777    -14.53849    1.0577127 
   96300    87.174436    129.66537   -14.536084    1.0578009 
   96400    87.172818    129.66296   -14.533677     1.057889 
   96500      87.1712    129.66055    -14.53127    1.0579771 
   96600    87.169582    129.65815   -14.528863    1.0580652 
   96700    87.167963    129.65574   -14.526455    1.0581533 
   96800    87.166344    129.65333   -14.524047    1.0582414 
   96900    87.164725    129.65092   -14.521638    1.0583294 
   97000    87.163105    129.64851    -14.51923    1.0584175 
   97100    87.161486     129.6461   -14.516821    1.0585055 
   97200    87.159866    129.64369   -14.514411    1.0585935 
   97300    87.158246    129.64129   -14.512002    1.0586815 
   97400    87.156625    129.63888   -14.509592    1.0587694 
   97500    87.155005    129.63647   -14.507181    1.0588573 
   97600    87.153385    129.63405   -14.504771    1.0589453 
   97700    87.151764    129.63164    -14.50236    1.0590332 
   97800    87.150143    129.62923    -14.49995     1.059121 
   97900    87.148522    129.62682   -14.497539    1.0592089 
   98000    87.146901    129.62441   -14.495127    1.0592967 
   98100     87.14528      129.622   -14.492716    1.0593845 
   98200    87.143659    129.61959   -14.490304    1.0594722 
   98300    87.142037    129.61718   -14.487893      1.05956 
   98400    87.140416    129.61476   -14.485481    1.0596477 
   98500    87.138794    129.61235   -14.483069    1.0597354 
   98600    87.137173    129.60994   -14.480657     1.059823 
   98700    87.135551    129.60753   -14.478245    1.0599106 
   98800     87.13393    129.60512   -14.475833    1.0599982 
   98900    87.132308     129.6027   -14.473421    1.0600858 
   99000    87.130686    129.60029   -14.471009    1.0601733 
   99100    87.129065    129.59788   -14.468597    1.0602608 
   99200    87.127443    129.59547   -14.466185    1.0603482 
   99300    87.125822    129.59306   -14.463773    1.0604356 
   99400      87.1242    129.59064   -14.461361     1.060523 
   99500    87.122579    129.58823   -14.458949    1.0606104 
   99600    87.120957    129.58582   -14.456538    1.0606977 
   99700    87.119336    129.58341   -14.454126    1.0607849 
   99800    87.117714      129.581   -14.451714    1.0608721 
   99900    87.116093    129.57859   -14.449303    1.0609593 
  100000    87.114472    129.57618   -14.446892    1.0610465 
