#Step Temp KinEng PotEng Press 
       0           90    133.86818    -15.76389    1.0446153 
     100    89.999999    133.86818   -15.763889     1.044587 
     200    89.999997    133.86817   -15.763885    1.0445588 
     300    89.999993    133.86817   -15.763879    1.0445307 
     400    89.999987    133.86816    -15.76387    1.0445027 
     500    89.999979    133.86815   -15.763859    1.0444749 
     600     89.99997    133.86813   -15.763845    1.0444473 
     700    89.999959    133.86812   -15.763829    1.0444198 
     800    89.999946     133.8681    -15.76381    1.0443924 
     900    89.999931    133.86808   -15.763788    1.0443652 
    1000    89.999915    133.86805   -15.763764    1.0443381 
    1100    89.999897    133.86803   -15.763737    1.0443111 
    1200    89.999878      133.868   -15.763708    1.0442843 
    1300    89.999856    133.86797   -15.763676    1.0442577 
    1400    89.999833    133.86793   -15.763642    1.0442311 
    1500    89.999808    133.86789   -15.763605    1.0442048 
    1600    89.999782    133.86785   -15.763565    1.0441785 
    1700    89.999753    133.86781   -15.763523    1.0441524 
    1800    89.999723    133.86777   -15.763479    1.0441265 
    1900    89.999692    133.86772   -15.763432    1.0441007 
    2000    89.999658    133.86767   -15.763382     1.044075 
    2100    89.999623    133.86762    -15.76333    1.0440494 
    2200    89.999586    133.86756   -15.763275     1.044024 
    2300    89.999548    133.86751   -15.763217    1.0439988 
    2400    89.999507    133.86745   -15.763157    1.0439737 
    2500    89.999465    133.86738   -15.763095    1.0439487 
    2600    89.999422    133.86732    -15.76303    1.0439239 
    2700    89.999376    133.86725   -15.762962    1.0438992 
    2800    89.999329    133.86718   -15.762892    1.0438747 
    2900     89.99928    133.86711   -15.762819    1.0438503 
    3000    89.999229    133.86703   -15.762744     1.043826 
    3100    89.999177    133.86696   -15.762666    1.0438019 
    3200    89.999123    133.86687   -15.762586    1.0437779 
    3300    89.999067    133.86679   -15.762503    1.0437541 
    3400     89.99901    133.86671   -15.762417    1.0437304 
    3500    89.998951    133.86662   -15.762329    1.0437068 
    3600     89.99889    133.86653   -15.762238    1.0436834 
    3700    89.998827    133.86643   -15.762145    1.0436601 
    3800    89.998763    133.86634   -15.762049     1.043637 
    3900    89.998696    133.86624   -15.761951     1.043614 
    4000    89.998629    133.86614    -15.76185    1.0435911 
    4100    89.998559    133.86604   -15.761747    1.0435684 
    4200    89.998488    133.86593   -15.761641    1.0435459 
    4300    89.998415    133.86582   -15.761532    1.0435235 
    4400     89.99834    133.86571   -15.761421    1.0435012 
    4500    89.998264     133.8656   -15.761307     1.043479 
    4600    89.998186    133.86548   -15.761191     1.043457 
    4700    89.998106    133.86536   -15.761072    1.0434352 
    4800    89.998024    133.86524   -15.760951    1.0434135 
    4900    89.997941    133.86512   -15.760827    1.0433919 
    5000    89.997856    133.86499   -15.760701    1.0433704 
    5100    89.997769    133.86486   -15.760572    1.0433492 
    5200    89.997681    133.86473    -15.76044     1.043328 
    5300     89.99759     133.8646   -15.760306     1.043307 
    5400    89.997499    133.86446   -15.760169    1.0432861 
    5500    89.997405    133.86432    -15.76003    1.0432654 
    5600     89.99731    133.86418   -15.759888    1.0432448 
    5700    89.997213    133.86403   -15.759744    1.0432244 
    5800    89.997114    133.86389   -15.759597    1.0432041 
    5900    89.997013    133.86374   -15.759448    1.0431839 
    6000    89.996911    133.86358   -15.759295    1.0431639 
    6100    89.996807    133.86343   -15.759141     1.043144 
    6200    89.996701    133.86327   -15.758984    1.0431243 
    6300    89.996594    133.86311   -15.758824    1.0431047 
    6400    89.996485    133.86295   -15.758662    1.0430852 
    6500    89.996374    133.86279   -15.758497    1.0430659 
    6600    89.996262    133.86262   -15.758329    1.0430467 
    6700    89.996147    133.86245    -15.75816    1.0430277 
    6800    89.996031    133.86228   -15.757987    1.0430088 
    6900    89.995914     133.8621   -15.757812    1.0429901 
    7000    89.995794    133.86192   -15.757634    1.0429715 
    7100    89.995673    133.86174   -15.757454     1.042953 
    7200     89.99555    133.86156   -15.757271    1.0429347 
    7300    89.995426    133.86138   -15.757086    1.0429165 
    7400    89.995299    133.86119   -15.756898    1.0428985 
    7500    89.995171      133.861   -15.756708    1.0428806 
    7600    89.995042     133.8608   -15.756515    1.0428628 
    7700     89.99491    133.86061   -15.756319    1.0428452 
    7800    89.994777    133.86041   -15.756121    1.0428278 
    7900    89.994642    133.86021    -15.75592    1.0428104 
    8000    89.994505    133.86001   -15.755717    1.0427932 
    8100    89.994367     133.8598   -15.755511    1.0427762 
    8200    89.994227    133.85959   -15.755303    1.0427593 
    8300    89.994085    133.85938   -15.755092    1.0427425 
    8400    89.993942    133.85917   -15.754879    1.0427259 
    8500    89.993796    133.85895   -15.754662    1.0427094 
    8600    89.993649    133.85873   -15.754444    1.0426931 
    8700    89.993501    133.85851   -15.754223    1.0426769 
    8800     89.99335    133.85829   -15.753999    1.0426609 
    8900    89.993198    133.85806   -15.753773     1.042645 
    9000    89.993044    133.85783   -15.753544    1.0426292 
    9100    89.992889     133.8576   -15.753312    1.0426136 
    9200    89.992731    133.85737   -15.753078    1.0425981 
    9300    89.992572    133.85713   -15.752842    1.0425827 
    9400    89.992411    133.85689   -15.752655    1.0425663 
    9500    89.992249    133.85665   -15.752413    1.0425512 
    9600    89.992085    133.85641   -15.752169    1.0425363 
    9700    89.991919    133.85616   -15.751922    1.0425215 
    9800    89.991751    133.85591   -15.751673    1.0425069 
    9900    89.991582    133.85566   -15.751421    1.0424924 
   10000     89.99141     133.8554   -15.751166    1.0424781 
   10100    89.991238    133.85515   -15.750909    1.0424639 
   10200    89.991063    133.85489   -15.750649    1.0424498 
   10300    89.990887    133.85462   -15.750387    1.0424359 
   10400    89.990709    133.85436   -15.750122    1.0424221 
   10500    89.990529    133.85409   -15.749855    1.0424085 
   10600    89.990347    133.85382   -15.749585     1.042395 
   10700    89.990164    133.85355   -15.749313    1.0423816 
   10800    89.989979    133.85327   -15.749037    1.0423684 
   10900    89.989793      133.853    -15.74876    1.0423553 
   11000    89.989604    133.85272    -15.74848    1.0423424 
   11100    89.989414    133.85243   -15.748197    1.0423296 
   11200    89.989222    133.85215   -15.747911     1.042317 
   11300    89.989029    133.85186   -15.747623    1.0423044 
   11400    89.988833    133.85157   -15.747333    1.0422921 
   11500    89.988636    133.85128    -15.74704    1.0422799 
   11600    89.988437    133.85098   -15.746744    1.0422678 
   11700    89.988237    133.85068   -15.746446    1.0422559 
   11800    89.988035    133.85038   -15.746145    1.0422441 
   11900    89.987831    133.85008   -15.745842    1.0422324 
   12000    89.987625    133.84977   -15.745536    1.0422209 
   12100    89.987418    133.84946   -15.745227    1.0422095 
   12200    89.987208    133.84915   -15.744916    1.0421983 
   12300    89.986997    133.84884   -15.744602    1.0421872 
   12400    89.986785    133.84852   -15.744286    1.0421763 
   12500     89.98657     133.8482   -15.743967    1.0421655 
   12600    89.986354    133.84788   -15.743646    1.0421549 
   12700    89.986136    133.84756   -15.743322    1.0421443 
   12800    89.985917    133.84723   -15.742995     1.042134 
   12900    89.985696     133.8469   -15.742718    1.0421225 
   13000    89.985473    133.84657   -15.742386    1.0421124 
   13100    89.985248    133.84624   -15.742052    1.0421025 
   13200    89.985021     133.8459   -15.741715    1.0420927 
   13300    89.984793    133.84556   -15.741376     1.042083 
   13400    89.984563    133.84522   -15.741033    1.0420735 
   13500    89.984331    133.84487   -15.740689    1.0420641 
   13600    89.984098    133.84453   -15.740342    1.0420549 
   13700    89.983863    133.84418   -15.739992    1.0420458 
   13800    89.983626    133.84382   -15.739639    1.0420369 
   13900    89.983387    133.84347   -15.739284    1.0420281 
   14000    89.983147    133.84311   -15.738927    1.0420194 
   14100    89.982904    133.84275   -15.738566    1.0420109 
   14200     89.98266    133.84239   -15.738204    1.0420025 
   14300    89.982415    133.84202   -15.737838    1.0419943 
   14400    89.982167    133.84165    -15.73747    1.0419862 
   14500    89.981918    133.84128     -15.7371    1.0419783 
   14600    89.981667    133.84091   -15.736727    1.0419705 
   14700    89.981415    133.84054   -15.736351    1.0419628 
   14800    89.981161    133.84016   -15.735973    1.0419553 
   14900    89.980904    133.83978   -15.735592    1.0419479 
   15000    89.980647    133.83939   -15.735208    1.0419407 
   15100    89.980387    133.83901   -15.734822    1.0419336 
   15200    89.980126    133.83862   -15.734433    1.0419266 
   15300    89.979863    133.83823   -15.734042    1.0419198 
   15400    89.979598    133.83783   -15.733648    1.0419132 
   15500    89.979331    133.83744   -15.733252    1.0419067 
   15600    89.979063    133.83704   -15.732853    1.0419003 
   15700    89.978793    133.83664   -15.732451    1.0418941 
   15800    89.978521    133.83623   -15.732047     1.041888 
   15900    89.978248    133.83582    -15.73164     1.041882 
   16000    89.977972    133.83541    -15.73123    1.0418762 
   16100    89.977695      133.835   -15.730818    1.0418706 
   16200    89.977417    133.83459   -15.730404     1.041865 
   16300    89.977136    133.83417   -15.729986    1.0418597 
   16400    89.976854    133.83375   -15.729567    1.0418544 
   16500     89.97657    133.83333   -15.729144    1.0418493 
   16600    89.976284     133.8329   -15.728719    1.0418444 
   16700    89.975996    133.83248   -15.728291    1.0418396 
   16800    89.975707    133.83205   -15.727861    1.0418349 
   16900    89.975416    133.83161   -15.727428    1.0418304 
   17000    89.975123    133.83118   -15.726993     1.041826 
   17100    89.974829    133.83074   -15.726555    1.0418218 
   17200    89.974533     133.8303   -15.726114    1.0418177 
   17300    89.974234    133.82986   -15.725671    1.0418138 
   17400    89.973935    133.82941   -15.725225      1.04181 
   17500    89.973633    133.82896   -15.724776    1.0418063 
   17600     89.97333    133.82851   -15.724325    1.0418028 
   17700    89.973025    133.82806   -15.723871    1.0417995 
   17800    89.972718     133.8276   -15.723415    1.0417962 
   17900    89.972409    133.82714   -15.722956    1.0417931 
   18000    89.972099    133.82668   -15.722494    1.0417902 
   18100    89.971787    133.82621    -15.72203    1.0417874 
   18200    89.971473    133.82575   -15.721563    1.0417848 
   18300    89.971157    133.82528   -15.721094    1.0417822 
   18400     89.97084    133.82481   -15.720622    1.0417799 
   18500    89.970521    133.82433   -15.720147    1.0417777 
   18600      89.9702    133.82385    -15.71967    1.0417756 
   18700    89.969877    133.82337    -15.71919    1.0417736 
   18800    89.969553    133.82289   -15.718707    1.0417719 
   18900    89.969227    133.82241   -15.718222    1.0417702 
   19000    89.968899    133.82192   -15.717734    1.0417687 
   19100    89.968569    133.82143   -15.717244    1.0417673 
   19200    89.968238    133.82094   -15.716751    1.0417661 
   19300    89.967905    133.82044   -15.716255    1.0417651 
   19400     89.96757    133.81994   -15.715757    1.0417641 
   19500    89.967233    133.81944   -15.715256    1.0417633 
   19600    89.966894    133.81894   -15.714753    1.0417627 
   19700    89.966554    133.81843   -15.714246    1.0417622 
   19800    89.966212    133.81792   -15.713738    1.0417618 
   19900    89.965868    133.81741   -15.713226    1.0417616 
   20000    89.965522     133.8169   -15.712712    1.0417616 
   20100    89.965175    133.81638   -15.712195    1.0417616 
   20200    89.964826    133.81586   -15.711676    1.0417619 
   20300    89.964475    133.81534   -15.711154    1.0417622 
   20400    89.964122    133.81481    -15.71063    1.0417627 
   20500    89.963768    133.81429   -15.710102    1.0417634 
   20600    89.963412    133.81376   -15.709573    1.0417642 
   20700    89.963054    133.81322    -15.70904    1.0417651 
   20800    89.962694    133.81269   -15.708505    1.0417662 
   20900    89.962332    133.81215   -15.707967    1.0417674 
   21000    89.961969    133.81161   -15.707427    1.0417688 
   21100    89.961604    133.81107   -15.706884    1.0417703 
   21200    89.961237    133.81052   -15.706338     1.041772 
   21300    89.960868    133.80997    -15.70579    1.0417738 
   21400    89.960498    133.80942   -15.705239    1.0417758 
   21500    89.960126    133.80887   -15.704685    1.0417779 
   21600    89.959752    133.80831   -15.704129    1.0417801 
   21700    89.959376    133.80775    -15.70357    1.0417825 
   21800    89.958998    133.80719   -15.703008     1.041785 
   21900    89.958619    133.80663   -15.702444    1.0417877 
   22000    89.958238    133.80606   -15.701877    1.0417905 
   22100    89.957855    133.80549   -15.701308    1.0417935 
   22200     89.95747    133.80492   -15.700735    1.0417966 
   22300    89.957084    133.80435   -15.700161    1.0417998 
   22400    89.956696    133.80377   -15.699583    1.0418032 
   22500    89.956306    133.80319   -15.699003    1.0418067 
   22600    89.955914     133.8026    -15.69842    1.0418104 
   22700     89.95552    133.80202   -15.697835    1.0418143 
   22800    89.955125    133.80143   -15.697247    1.0418182 
   22900    89.954728    133.80084   -15.696656    1.0418223 
   23000    89.954329    133.80025   -15.696062    1.0418266 
   23100    89.953928    133.79965   -15.695466     1.041831 
   23200    89.953526    133.79905   -15.694868    1.0418356 
   23300    89.953121    133.79845   -15.694266    1.0418403 
   23400    89.952715    133.79785   -15.693662    1.0418451 
   23500    89.952307    133.79724   -15.693055    1.0418501 
   23600    89.951897    133.79663   -15.692446    1.0418552 
   23700    89.951486    133.79602   -15.691834    1.0418605 
   23800    89.951073     133.7954   -15.691219    1.0418659 
   23900    89.950658    133.79479   -15.690602    1.0418715 
   24000    89.950241    133.79417   -15.689982    1.0418772 
   24100    89.949822    133.79354   -15.689359     1.041883 
   24200    89.949401    133.79292   -15.688733     1.041889 
   24300    89.948979    133.79229   -15.688105    1.0418952 
   24400    89.948555    133.79166   -15.687475    1.0419015 
   24500    89.948129    133.79103   -15.686841    1.0419079 
   24600    89.947702    133.79039   -15.686205    1.0419145 
   24700    89.947272    133.78975   -15.685566    1.0419212 
   24800    89.946841    133.78911   -15.684925    1.0419281 
   24900    89.946408    133.78846    -15.68428    1.0419351 
   25000    89.945973    133.78782   -15.683634    1.0419423 
   25100    89.945536    133.78717   -15.682984    1.0419496 
   25200    89.945098    133.78652   -15.682332     1.041957 
   25300    89.944657    133.78586   -15.681677    1.0419646 
   25400    89.944215     133.7852   -15.681019    1.0419724 
   25500    89.943771    133.78454   -15.680359    1.0419803 
   25600    89.943326    133.78388   -15.679696    1.0419883 
   25700    89.942878    133.78321    -15.67903    1.0419965 
   25800    89.942429    133.78255   -15.678362    1.0420048 
   25900    89.941978    133.78188   -15.677691    1.0420133 
   26000    89.941525     133.7812   -15.677017    1.0420219 
   26100     89.94107    133.78053   -15.676341    1.0420306 
   26200    89.940613    133.77985   -15.675662    1.0420395 
   26300    89.940155    133.77916    -15.67498    1.0420486 
   26400    89.939695    133.77848   -15.674295    1.0420578 
   26500    89.939233    133.77779   -15.673608    1.0420671 
   26600    89.938769     133.7771   -15.672918    1.0420766 
   26700    89.938303    133.77641   -15.672225    1.0420863 
   26800    89.937836    133.77571    -15.67153     1.042096 
   26900    89.937366    133.77502   -15.670832     1.042106 
   27000    89.936895    133.77432   -15.670131     1.042116 
   27100    89.936422    133.77361   -15.669428    1.0421263 
   27200    89.935947    133.77291   -15.668722    1.0421366 
   27300    89.935471     133.7722   -15.668013    1.0421471 
   27400    89.934992    133.77149   -15.667301    1.0421578 
   27500    89.934512    133.77077   -15.666587    1.0421686 
   27600     89.93403    133.77005    -15.66587    1.0421795 
   27700    89.933546    133.76933    -15.66515    1.0421906 
   27800    89.933061    133.76861   -15.664428    1.0422019 
   27900    89.932573    133.76789   -15.663702    1.0422132 
   28000    89.932084    133.76716   -15.662974    1.0422248 
   28100    89.931592    133.76643   -15.662244    1.0422365 
   28200    89.931099     133.7657   -15.661511    1.0422483 
   28300    89.930605    133.76496   -15.660775    1.0422602 
   28400    89.930108    133.76422   -15.660036    1.0422724 
   28500    89.929609    133.76348   -15.659294    1.0422846 
   28600    89.929109    133.76273    -15.65855     1.042297 
   28700    89.928607    133.76199   -15.657803    1.0423096 
   28800    89.928103    133.76124   -15.657053    1.0423223 
   28900    89.927597    133.76049   -15.656301    1.0423351 
   29000    89.927089    133.75973   -15.655546    1.0423481 
   29100     89.92658    133.75897   -15.654788    1.0423613 
   29200    89.926068    133.75821   -15.654027    1.0423746 
   29300    89.925555    133.75745   -15.653264     1.042388 
   29400     89.92504    133.75668   -15.652498    1.0424016 
   29500    89.924523    133.75591   -15.651729    1.0424153 
   29600    89.924005    133.75514   -15.650957    1.0424292 
   29700    89.923484    133.75437   -15.650183    1.0424432 
   29800    89.922962    133.75359   -15.649406    1.0424574 
   29900    89.922437    133.75281   -15.648626    1.0424717 
   30000    89.921911    133.75203   -15.647844    1.0424861 
   30100    89.921383    133.75124   -15.647059    1.0425007 
   30200    89.920854    133.75045    -15.64627    1.0425155 
   30300    89.920322    133.74966    -15.64548    1.0425304 
   30400    89.919788    133.74887   -15.644686    1.0425454 
   30500    89.919253    133.74807    -15.64389    1.0425606 
   30600    89.918716    133.74728   -15.643091     1.042576 
   30700    89.918177    133.74647   -15.642289    1.0425915 
   30800    89.917636    133.74567   -15.641485    1.0426071 
   30900    89.917093    133.74486   -15.640677    1.0426229 
   31000    89.916549    133.74405   -15.639867    1.0426388 
   31100    89.916002    133.74324   -15.639054    1.0426549 
   31200    89.915454    133.74242   -15.638239    1.0426711 
   31300    89.914904     133.7416    -15.63742    1.0426875 
   31400    89.914352    133.74078   -15.636599     1.042704 
   31500    89.913798    133.73996   -15.635775    1.0427206 
   31600    89.913242    133.73913   -15.634949    1.0427375 
   31700    89.912684     133.7383   -15.634119    1.0427544 
   31800    89.912125    133.73747   -15.633287    1.0427715 
   31900    89.911564    133.73664   -15.632452    1.0427888 
   32000       89.911     133.7358   -15.631615    1.0428062 
   32100    89.910435    133.73496   -15.630774    1.0428237 
   32200    89.909868    133.73412   -15.629931    1.0428414 
   32300      89.9093    133.73327   -15.629085    1.0428593 
   32400    89.908729    133.73242   -15.628236    1.0428772 
   32500    89.908156    133.73157   -15.627384    1.0428954 
   32600    89.907582    133.73071    -15.62653    1.0429137 
   32700    89.907006    133.72986   -15.625673    1.0429321 
   32800    89.906428      133.729   -15.624813    1.0429507 
   32900    89.905848    133.72813    -15.62395    1.0429694 
   33000    89.905266    133.72727   -15.623085    1.0429883 
   33100    89.904682     133.7264   -15.622216    1.0430073 
   33200    89.904096    133.72553   -15.621345    1.0430265 
   33300    89.903509    133.72466   -15.620471    1.0430458 
   33400    89.902919    133.72378   -15.619595    1.0430652 
   33500    89.902328     133.7229   -15.618715    1.0430848 
   33600    89.901735    133.72202   -15.617833    1.0431046 
   33700     89.90114    133.72113   -15.616948    1.0431245 
   33800    89.900543    133.72024    -15.61606    1.0431446 
   33900    89.899944    133.71935   -15.615169    1.0431648 
   34000    89.899344    133.71846   -15.614276    1.0431851 
   34100    89.898741    133.71756    -15.61338    1.0432056 
   34200    89.898137    133.71667   -15.612481    1.0432263 
   34300     89.89753    133.71576   -15.611579    1.0432471 
   34400    89.896922    133.71486   -15.610674     1.043268 
   34500    89.896312    133.71395   -15.609767    1.0432891 
   34600      89.8957    133.71304   -15.608856    1.0433103 
   34700    89.895086    133.71213   -15.607943    1.0433317 
   34800     89.89447    133.71121   -15.607027    1.0433533 
   34900    89.893853    133.71029   -15.606109    1.0433749 
   35000    89.893233    133.70937   -15.605187    1.0433968 
   35100    89.892612    133.70845   -15.604263    1.0434187 
   35200    89.891988    133.70752   -15.603336    1.0434409 
   35300    89.891363    133.70659   -15.602406    1.0434631 
   35400    89.890736    133.70566   -15.601473    1.0434856 
   35500    89.890107    133.70472   -15.600537    1.0435081 
   35600    89.889476    133.70378   -15.599599    1.0435309 
   35700    89.888843    133.70284   -15.598657    1.0435537 
   35800    89.888208     133.7019   -15.597713    1.0435767 
   35900    89.887572    133.70095   -15.596766    1.0435999 
   36000    89.886933        133.7   -15.595817    1.0436232 
   36100    89.886293    133.69905   -15.594864    1.0436467 
   36200     89.88565    133.69809   -15.593909    1.0436703 
   36300    89.885006    133.69713    -15.59295    1.0436941 
   36400     89.88436    133.69617   -15.591989     1.043718 
   36500    89.883712    133.69521   -15.591025     1.043742 
   36600    89.883062    133.69424   -15.590059    1.0437662 
   36700     89.88241    133.69327   -15.589089    1.0437906 
   36800    89.881756     133.6923   -15.588116    1.0438151 
   36900    89.881101    133.69133   -15.587141    1.0438397 
   37000    89.880443    133.69035   -15.586163    1.0438645 
   37100    89.879784    133.68937   -15.585182    1.0438895 
   37200    89.879122    133.68838   -15.584198    1.0439146 
   37300    89.878459     133.6874   -15.583211    1.0439398 
   37400    89.877793    133.68641   -15.582222    1.0439652 
   37500    89.877126    133.68541    -15.58123    1.0439907 
   37600    89.876457    133.68442   -15.580234    1.0440164 
   37700    89.875786    133.68342   -15.579236    1.0440423 
   37800    89.875113    133.68242   -15.578235    1.0440683 
   37900    89.874438    133.68142   -15.577231    1.0440944 
   38000    89.873762    133.68041   -15.576225    1.0441207 
   38100    89.873083     133.6794   -15.575215    1.0441471 
   38200    89.872402    133.67839   -15.574203    1.0441737 
   38300     89.87172    133.67737   -15.573188    1.0442004 
   38400    89.871035    133.67635    -15.57217    1.0442273 
   38500    89.870349    133.67533   -15.571149    1.0442543 
   38600     89.86966    133.67431   -15.570125    1.0442815 
   38700     89.86897    133.67328   -15.569098    1.0443088 
   38800    89.868278    133.67225   -15.568068    1.0443363 
   38900    89.867584    133.67122   -15.567036    1.0443639 
   39000    89.866888    133.67019   -15.566001    1.0443917 
   39100     89.86619    133.66915   -15.564962    1.0444196 
   39200     89.86549    133.66811   -15.563921    1.0444477 
   39300    89.864788    133.66706   -15.562877    1.0444759 
   39400    89.864084    133.66601   -15.561831    1.0445043 
   39500    89.863379    133.66497   -15.560781    1.0445328 
   39600    89.862671    133.66391   -15.559728    1.0445615 
   39700    89.861961    133.66286   -15.558673    1.0445903 
   39800     89.86125     133.6618   -15.557614    1.0446193 
   39900    89.860536    133.66074   -15.556553    1.0446484 
   40000    89.859821    133.65967   -15.555489    1.0446777 
   40100    89.859103    133.65861   -15.554422    1.0447071 
   40200    89.858384    133.65754   -15.553352    1.0447367 
   40300    89.857663    133.65646   -15.552279    1.0447664 
   40400     89.85694    133.65539   -15.551203    1.0447962 
   40500    89.856214    133.65431   -15.550125    1.0448262 
   40600    89.855487    133.65323   -15.549043    1.0448564 
   40700    89.854758    133.65214   -15.547959    1.0448867 
   40800    89.854027    133.65106   -15.546872    1.0449172 
   40900    89.853294    133.64997   -15.545781    1.0449478 
   41000    89.852559    133.64887   -15.544688    1.0449786 
   41100    89.851823    133.64778   -15.543592    1.0450095 
   41200    89.851084    133.64668   -15.542493    1.0450405 
   41300    89.850343    133.64558   -15.541391    1.0450717 
   41400      89.8496    133.64447   -15.540287    1.0451031 
   41500    89.848856    133.64336   -15.539179    1.0451346 
   41600    89.848109    133.64225   -15.538068    1.0451663 
   41700     89.84736    133.64114   -15.536955    1.0451981 
   41800     89.84661    133.64002   -15.535839      1.04523 
   41900    89.845857     133.6389   -15.534719    1.0452621 
   42000    89.845103    133.63778   -15.533597    1.0452944 
   42100    89.844346    133.63666   -15.532472    1.0453268 
   42200    89.843588    133.63553   -15.531344    1.0453593 
   42300    89.842828     133.6344   -15.530213     1.045392 
   42400    89.842065    133.63326   -15.529079    1.0454249 
   42500    89.841301    133.63213   -15.527942    1.0454579 
   42600    89.840535    133.63099   -15.526802     1.045491 
   42700    89.839767    133.62984    -15.52566    1.0455243 
   42800    89.838996     133.6287   -15.524514    1.0455578 
   42900    89.838224    133.62755   -15.523366    1.0455914 
   43000     89.83745     133.6264   -15.522214    1.0456252 
   43100    89.836674    133.62524    -15.52106    1.0456591 
   43200    89.835896    133.62409   -15.519902    1.0456931 
   43300    89.835116    133.62293   -15.518742    1.0457273 
   43400    89.834334    133.62176   -15.517579    1.0457617 
   43500     89.83355     133.6206   -15.516413    1.0457962 
   43600    89.832764    133.61943   -15.515244    1.0458308 
   43700    89.831976    133.61826   -15.514072    1.0458656 
   43800    89.831186    133.61708   -15.512897    1.0459006 
   43900    89.830394     133.6159   -15.511719    1.0459357 
   44000      89.8296    133.61472   -15.510538    1.0459709 
   44100    89.828804    133.61354   -15.509354    1.0460063 
   44200    89.828006    133.61235   -15.508167    1.0460418 
   44300    89.827207    133.61116   -15.506978    1.0460775 
   44400    89.826405    133.60997   -15.505785    1.0461134 
   44500    89.825601    133.60877   -15.504589    1.0461494 
   44600    89.824795    133.60758   -15.503391    1.0461855 
   44700    89.823987    133.60637   -15.502189    1.0462218 
   44800    89.823178    133.60517   -15.500985    1.0462583 
   44900    89.822366    133.60396   -15.499778    1.0462949 
   45000    89.821552    133.60275   -15.498567    1.0463316 
   45100    89.820736    133.60154   -15.497354    1.0463685 
   45200    89.819919    133.60032   -15.496138    1.0464056 
   45300    89.819099     133.5991   -15.494918    1.0464428 
   45400    89.818277    133.59788   -15.493696    1.0464801 
   45500    89.817454    133.59666   -15.492471    1.0465176 
   45600    89.816628    133.59543   -15.491243    1.0465553 
   45700      89.8158     133.5942   -15.490012     1.046593 
   45800     89.81497    133.59296   -15.488777     1.046631 
   45900    89.814139    133.59172    -15.48754    1.0466691 
   46000    89.813305    133.59048     -15.4863    1.0467073 
   46100    89.812469    133.58924   -15.485057    1.0467457 
   46200    89.811632      133.588   -15.483811    1.0467843 
   46300    89.810792    133.58675   -15.482562     1.046823 
   46400     89.80995    133.58549   -15.481311    1.0468618 
   46500    89.809107    133.58424   -15.480056    1.0469008 
   46600    89.808261    133.58298   -15.478798    1.0469399 
   46700    89.807413    133.58172   -15.477537    1.0469792 
   46800    89.806564    133.58046   -15.476273    1.0470187 
   46900    89.805712    133.57919   -15.475006    1.0470583 
   47000    89.804858    133.57792   -15.473736     1.047098 
   47100    89.804003    133.57665   -15.472464    1.0471379 
   47200    89.803145    133.57537   -15.471188     1.047178 
   47300    89.802285    133.57409   -15.469909    1.0472181 
   47400    89.801423    133.57281   -15.468627    1.0472585 
   47500     89.80056    133.57153   -15.467342     1.047299 
   47600    89.799694    133.57024   -15.466055    1.0473396 
   47700    89.798826    133.56895   -15.464764    1.0473804 
   47800    89.797956    133.56765    -15.46347    1.0474214 
   47900    89.797085    133.56636   -15.462174    1.0474624 
   48000    89.796211    133.56506   -15.460874    1.0475037 
   48100    89.795335    133.56376   -15.459571    1.0475451 
   48200    89.794457    133.56245   -15.458265    1.0475866 
   48300    89.793577    133.56114   -15.456957    1.0476283 
   48400    89.792695    133.55983   -15.455645    1.0476701 
   48500    89.791812    133.55851    -15.45433    1.0477121 
   48600    89.790926     133.5572   -15.453013    1.0477543 
   48700    89.790038    133.55588   -15.451692    1.0477966 
   48800    89.789148    133.55455   -15.450368     1.047839 
   48900    89.788256    133.55323   -15.449041    1.0478816 
   49000    89.787362     133.5519   -15.447712    1.0479243 
   49100    89.786466    133.55056   -15.446379    1.0479672 
   49200    89.785568    133.54923   -15.444991    1.0480115 
   49300    89.784668    133.54789   -15.443652    1.0480547 
   49400    89.783766    133.54655    -15.44231     1.048098 
   49500    89.782862     133.5452   -15.440966    1.0481415 
   49600    89.781955    133.54385   -15.439618    1.0481851 
   49700    89.781047     133.5425   -15.438267    1.0482289 
   49800    89.780137    133.54115   -15.436913    1.0482728 
   49900    89.779225    133.53979   -15.435556    1.0483169 
   50000    89.778311    133.53843   -15.434196    1.0483611 
   50100    89.777394    133.53707   -15.432834    1.0484055 
   50200    89.776476     133.5357   -15.431468      1.04845 
   50300    89.775556    133.53434   -15.430099    1.0484947 
   50400    89.774634    133.53296   -15.428727    1.0485396 
   50500    89.773709    133.53159   -15.427352    1.0485845 
   50600    89.772783    133.53021   -15.425974    1.0486297 
   50700    89.771854    133.52883   -15.424593    1.0486749 
   50800    89.770924    133.52745   -15.423209    1.0487204 
   50900    89.769991    133.52606   -15.421822    1.0487659 
   51000    89.769057    133.52467   -15.420432    1.0488117 
   51100     89.76812    133.52328   -15.419039    1.0488575 
   51200    89.767182    133.52188   -15.417643    1.0489036 
   51300    89.766241    133.52048   -15.416244    1.0489497 
   51400    89.765298    133.51908   -15.414841     1.048996 
   51500    89.764354    133.51767   -15.413436    1.0490425 
   51600    89.763407    133.51626   -15.412028    1.0490891 
   51700    89.762458    133.51485   -15.410617    1.0491359 
   51800    89.761507    133.51344   -15.409202    1.0491828 
   51900    89.760554    133.51202   -15.407785    1.0492299 
   52000    89.759599     133.5106   -15.406365    1.0492771 
   52100    89.758642    133.50918   -15.404941    1.0493245 
   52200    89.757683    133.50775   -15.403515     1.049372 
   52300    89.756722    133.50632   -15.402085    1.0494196 
   52400    89.755759    133.50489   -15.400653    1.0494674 
   52500    89.754794    133.50345   -15.399217    1.0495154 
   52600    89.753827    133.50202   -15.397779    1.0495635 
   52700    89.752858    133.50057   -15.396337    1.0496117 
   52800    89.751886    133.49913   -15.394892    1.0496601 
   52900    89.750913    133.49768   -15.393445    1.0497087 
   53000    89.749938    133.49623   -15.391994    1.0497574 
   53100     89.74896    133.49478    -15.39054    1.0498062 
   53200    89.747981    133.49332   -15.389083    1.0498552 
   53300       89.747    133.49186   -15.387623    1.0499044 
   53400    89.746016     133.4904   -15.386161    1.0499537 
   53500     89.74503    133.48893   -15.384695    1.0500031 
   53600    89.744043    133.48746   -15.383226    1.0500527 
   53700    89.743053    133.48599   -15.381754    1.0501024 
   53800    89.742061    133.48452   -15.380278    1.0501523 
   53900    89.741068    133.48304     -15.3788    1.0502024 
   54000    89.740072    133.48156   -15.377319    1.0502525 
   54100    89.739074    133.48007   -15.375835    1.0503029 
   54200    89.738074    133.47858   -15.374348    1.0503534 
   54300    89.737072    133.47709   -15.372857     1.050404 
   54400    89.736068     133.4756   -15.371364    1.0504548 
   54500    89.735062     133.4741   -15.369867    1.0505057 
   54600    89.734054     133.4726   -15.368368    1.0505567 
   54700    89.733044     133.4711   -15.366865     1.050608 
   54800    89.732032     133.4696    -15.36536    1.0506593 
   54900    89.731017    133.46809   -15.363851    1.0507108 
   55000    89.730001    133.46658   -15.362339    1.0507625 
   55100    89.728983    133.46506   -15.360825    1.0508143 
   55200    89.727962    133.46354   -15.359307    1.0508663 
   55300     89.72694    133.46202   -15.357786    1.0509184 
   55400    89.725915     133.4605   -15.356262    1.0509706 
   55500    89.724889    133.45897   -15.354735     1.051023 
   55600     89.72386    133.45744   -15.353205    1.0510755 
   55700    89.722829    133.45591   -15.351672    1.0511282 
   55800    89.721797    133.45437   -15.350136    1.0511811 
   55900    89.720762    133.45283   -15.348597     1.051234 
   56000    89.719725    133.45129   -15.347054    1.0512872 
   56100    89.718686    133.44975   -15.345509    1.0513404 
   56200    89.717645     133.4482   -15.343961    1.0513939 
   56300    89.716602    133.44665   -15.342409    1.0514474 
   56400    89.715557    133.44509   -15.340855    1.0515012 
   56500     89.71451    133.44353   -15.339297     1.051555 
   56600    89.713461    133.44197   -15.337737     1.051609 
   56700    89.712409    133.44041   -15.336173    1.0516632 
   56800    89.711356    133.43884   -15.334607    1.0517175 
   56900    89.710301    133.43727   -15.333037    1.0517719 
   57000    89.709243     133.4357   -15.331464    1.0518265 
   57100    89.708184    133.43413   -15.329888    1.0518813 
   57200    89.707122    133.43255   -15.328309    1.0519362 
   57300    89.706059    133.43096   -15.326727    1.0519912 
   57400    89.704993    133.42938   -15.325142    1.0520464 
   57500    89.703926    133.42779   -15.323554    1.0521017 
   57600    89.702856     133.4262   -15.321963    1.0521572 
   57700    89.701784    133.42461   -15.320369    1.0522128 
   57800     89.70071    133.42301   -15.318772    1.0522685 
   57900    89.699634    133.42141   -15.317171    1.0523244 
   58000    89.698556     133.4198   -15.315568    1.0523805 
   58100    89.697476     133.4182   -15.313962    1.0524367 
   58200    89.696394    133.41659   -15.312352     1.052493 
   58300     89.69531    133.41498    -15.31074    1.0525495 
   58400    89.694224    133.41336   -15.309124    1.0526061 
   58500    89.693136    133.41174   -15.307505    1.0526629 
   58600    89.692046    133.41012   -15.305884    1.0527198 
   58700    89.690953     133.4085   -15.304311    1.0527757 
   58800    89.689859    133.40687   -15.302684    1.0528329 
   58900    89.688762    133.40524   -15.301053    1.0528902 
   59000    89.687664     133.4036   -15.299419    1.0529477 
   59100    89.686563    133.40197   -15.297782    1.0530054 
   59200    89.685461    133.40033   -15.296142    1.0530632 
   59300    89.684356    133.39868   -15.294499    1.0531211 
   59400    89.683249    133.39704   -15.292853    1.0531792 
   59500    89.682141    133.39539   -15.291203    1.0532374 
   59600     89.68103    133.39374   -15.289551    1.0532958 
   59700    89.679917    133.39208   -15.287896    1.0533543 
   59800    89.678802    133.39042   -15.286237    1.0534129 
   59900    89.677685    133.38876   -15.284576    1.0534717 
   60000    89.676566     133.3871   -15.282912    1.0535307 
   60100    89.675445    133.38543   -15.281244    1.0535897 
   60200    89.674322    133.38376   -15.279626    1.0536477 
   60300    89.673197    133.38208   -15.277952    1.0537071 
   60400     89.67207    133.38041   -15.276276    1.0537666 
   60500     89.67094    133.37873   -15.274596    1.0538263 
   60600    89.669809    133.37705   -15.272913    1.0538861 
   60700    89.668676    133.37536   -15.271228     1.053946 
   60800     89.66754    133.37367   -15.269539    1.0540061 
   60900    89.666403    133.37198   -15.267899    1.0540651 
   61000    89.665263    133.37028   -15.266204    1.0541254 
   61100    89.664122    133.36859   -15.264507    1.0541859 
   61200    89.662978    133.36689   -15.262806    1.0542466 
   61300    89.661833    133.36518   -15.261101    1.0543074 
   61400    89.660685    133.36347   -15.259394    1.0543683 
   61500    89.659535    133.36176   -15.257684    1.0544294 
   61600    89.658384    133.36005   -15.255971    1.0544906 
   61700     89.65723    133.35833   -15.254255     1.054552 
   61800    89.656074    133.35662   -15.252536    1.0546135 
   61900    89.654916    133.35489   -15.250813    1.0546751 
   62000    89.653756    133.35317   -15.249088    1.0547369 
   62100    89.652594    133.35144    -15.24736    1.0547988 
   62200     89.65143    133.34971   -15.245628    1.0548609 
   62300    89.650264    133.34797   -15.243894    1.0549231 
   62400    89.649096    133.34624   -15.242156    1.0549854 
   62500    89.647926     133.3445   -15.240416    1.0550479 
   62600    89.646754    133.34275   -15.238672    1.0551105 
   62700    89.645579    133.34101   -15.236926    1.0551733 
   62800    89.644403    133.33926   -15.235176    1.0552362 
   62900    89.643225     133.3375   -15.233424    1.0552993 
   63000    89.642045    133.33575   -15.231668    1.0553624 
   63100    89.640862    133.33399    -15.22991    1.0554258 
   63200    89.639678    133.33223   -15.228148    1.0554892 
   63300    89.638491    133.33046   -15.226383    1.0555528 
   63400    89.637303     133.3287   -15.224615    1.0556166 
   63500    89.636113    133.32692   -15.222845    1.0556805 
   63600     89.63492    133.32515   -15.221071    1.0557445 
   63700    89.633726    133.32337   -15.219294    1.0558086 
   63800    89.632529    133.32159   -15.217514    1.0558729 
   63900     89.63133    133.31981   -15.215732    1.0559374 
   64000     89.63013    133.31803   -15.213946    1.0560019 
   64100    89.628927    133.31624   -15.212157    1.0560667 
   64200    89.627722    133.31444   -15.210365    1.0561315 
   64300    89.626516    133.31265    -15.20857    1.0561965 
   64400    89.625307    133.31085   -15.206772    1.0562616 
   64500    89.624096    133.30905   -15.204972    1.0563269 
   64600    89.622884    133.30725   -15.203168    1.0563923 
   64700    89.621669    133.30544   -15.201361    1.0564578 
   64800    89.620452    133.30363   -15.199551    1.0565235 
   64900    89.619233    133.30182   -15.197738    1.0565893 
   65000    89.618013        133.3   -15.195922    1.0566552 
   65100     89.61679    133.29818   -15.194104    1.0567213 
   65200    89.615565    133.29636   -15.192282    1.0567875 
   65300    89.614338    133.29454   -15.190457    1.0568539 
   65400    89.613109    133.29271   -15.188629    1.0569204 
   65500    89.611878    133.29088   -15.186798     1.056987 
   65600    89.610646    133.28904   -15.184964    1.0570538 
   65700    89.609411    133.28721   -15.183128    1.0571207 
   65800    89.608174    133.28537   -15.181288    1.0571877 
   65900    89.606935    133.28352   -15.179445    1.0572549 
   66000    89.605694    133.28168   -15.177599    1.0573222 
   66100    89.604451    133.27983   -15.175751    1.0573896 
   66200    89.603206    133.27798   -15.173899    1.0574572 
   66300    89.601959    133.27612   -15.172045    1.0575249 
   66400    89.600711    133.27427   -15.170187    1.0575927 
   66500     89.59946    133.27241   -15.168326    1.0576607 
   66600    89.598207    133.27054   -15.166463    1.0577288 
   66700    89.596952    133.26868   -15.164596     1.057797 
   66800    89.595695    133.26681   -15.162727    1.0578654 
   66900    89.594436    133.26493   -15.160854    1.0579339 
   67000    89.593175    133.26306   -15.158979    1.0580026 
   67100    89.591913    133.26118   -15.157101    1.0580713 
   67200    89.590648     133.2593   -15.155219    1.0581402 
   67300    89.589381    133.25741   -15.153335    1.0582093 
   67400    89.588112    133.25553   -15.151448    1.0582784 
   67500    89.586842    133.25364   -15.149558    1.0583477 
   67600    89.585569    133.25174   -15.147665    1.0584172 
   67700    89.584294    133.24985   -15.145769    1.0584867 
   67800    89.583018    133.24795    -15.14387    1.0585564 
   67900    89.581739    133.24605   -15.141968    1.0586263 
   68000    89.580458    133.24414   -15.140063    1.0586962 
   68100    89.579176    133.24224   -15.138156    1.0587663 
   68200    89.577891    133.24032   -15.136245    1.0588365 
   68300    89.576605    133.23841   -15.134331    1.0589069 
   68400    89.575316    133.23649   -15.132415    1.0589773 
   68500    89.574026    133.23457   -15.130495    1.0590479 
   68600    89.572733    133.23265   -15.128625    1.0591174 
   68700    89.571439    133.23073     -15.1267    1.0591883 
   68800    89.570143     133.2288   -15.124772    1.0592593 
   68900    89.568845    133.22687   -15.122841    1.0593304 
   69000    89.567544    133.22493   -15.120855    1.0594029 
   69100    89.566242      133.223   -15.118918    1.0594743 
   69200    89.564938    133.22106   -15.116978    1.0595458 
   69300    89.563632    133.21912   -15.115035    1.0596174 
   69400    89.562324    133.21717    -15.11309    1.0596892 
   69500    89.561014    133.21522   -15.111141    1.0597611 
   69600    89.559702    133.21327    -15.10919    1.0598331 
   69700    89.558388    133.21132   -15.107236    1.0599052 
   69800    89.557073    133.20936   -15.105279    1.0599775 
   69900    89.555755     133.2074   -15.103319    1.0600499 
   70000    89.554435    133.20544   -15.101356    1.0601224 
   70100    89.553114    133.20347    -15.09939    1.0601951 
   70200     89.55179     133.2015   -15.097422    1.0602678 
   70300    89.550465    133.19953   -15.095451    1.0603407 
   70400    89.549138    133.19756   -15.093476    1.0604138 
   70500    89.547809    133.19558   -15.091499    1.0604869 
   70600    89.546477     133.1936   -15.089519    1.0605602 
   70700    89.545144    133.19162   -15.087536    1.0606336 
   70800    89.543809    133.18963   -15.085551    1.0607071 
   70900    89.542472    133.18764   -15.083562    1.0607807 
   71000    89.541134    133.18565   -15.081571    1.0608545 
   71100    89.539793    133.18366   -15.079577    1.0609284 
   71200     89.53845    133.18166    -15.07758    1.0610024 
   71300    89.537106    133.17966    -15.07558    1.0610766 
   71400     89.53576    133.17766   -15.073577    1.0611508 
   71500    89.534411    133.17565   -15.071572    1.0612252 
   71600    89.533061    133.17364   -15.069564    1.0612997 
   71700    89.531709    133.17163   -15.067552    1.0613743 
   71800    89.530355    133.16962   -15.065539    1.0614491 
   71900    89.528999     133.1676   -15.063522    1.0615239 
   72000    89.527642    133.16558   -15.061502    1.0615989 
   72100    89.526282    133.16356    -15.05948     1.061674 
   72200    89.524921    133.16153   -15.057455    1.0617493 
   72300    89.523557    133.15951   -15.055427    1.0618246 
   72400    89.522192    133.15748   -15.053397    1.0619001 
   72500    89.520825    133.15544   -15.051363    1.0619756 
   72600    89.519456    133.15341   -15.049275    1.0620526 
   72700    89.518085    133.15137   -15.047236    1.0621284 
   72800    89.516713    133.14933   -15.045194    1.0622043 
   72900    89.515338    133.14728    -15.04315    1.0622804 
   73000    89.513962    133.14523   -15.041102    1.0623566 
   73100    89.512584    133.14318   -15.039052    1.0624329 
   73200    89.511204    133.14113      -15.037    1.0625093 
   73300    89.509822    133.13908   -15.034944    1.0625858 
   73400    89.508438    133.13702   -15.032886    1.0626625 
   73500    89.507052    133.13496   -15.030825    1.0627392 
   73600    89.505665    133.13289   -15.028762    1.0628161 
   73700    89.504276    133.13083   -15.026695    1.0628931 
   73800    89.502885    133.12876   -15.024626    1.0629702 
   73900    89.501492    133.12669   -15.022554    1.0630474 
   74000    89.500097    133.12461    -15.02048    1.0631247 
   74100    89.498701    133.12253   -15.018403    1.0632022 
   74200    89.497302    133.12045   -15.016323    1.0632798 
   74300    89.495902    133.11837    -15.01424    1.0633574 
   74400      89.4945    133.11629   -15.012155    1.0634352 
   74500    89.493097     133.1142   -15.010067    1.0635131 
   74600    89.491691    133.11211   -15.007976    1.0635911 
   74700    89.490284    133.11002   -15.005883    1.0636693 
   74800    89.488875    133.10792   -15.003787    1.0637475 
   74900    89.487464    133.10582   -15.001688    1.0638259 
   75000    89.486051    133.10372   -14.999587    1.0639043 
   75100    89.484637    133.10162   -14.997483    1.0639829 
   75200     89.48322    133.09951   -14.995377    1.0640616 
   75300    89.481802     133.0974   -14.993267    1.0641404 
   75400    89.480382    133.09529   -14.991156    1.0642193 
   75500    89.478961    133.09317   -14.989041    1.0642983 
   75600    89.477538    133.09106   -14.986924    1.0643774 
   75700    89.476112    133.08894   -14.984804    1.0644566 
   75800    89.474686    133.08681   -14.982682     1.064536 
   75900    89.473257    133.08469   -14.980557    1.0646154 
   76000    89.471827    133.08256   -14.978429     1.064695 
   76100    89.470395    133.08043   -14.976299    1.0647746 
   76200    89.468961     133.0783   -14.974167    1.0648544 
   76300    89.467525    133.07616   -14.972031    1.0649343 
   76400    89.466088    133.07403   -14.969893    1.0650142 
   76500    89.464649    133.07189   -14.967753    1.0650943 
   76600    89.463208    133.06974    -14.96561    1.0651745 
   76700    89.461766     133.0676   -14.963464    1.0652548 
   76800    89.460321    133.06545   -14.961316    1.0653352 
   76900    89.458876     133.0633   -14.959166    1.0654157 
   77000    89.457428    133.06114   -14.957012    1.0654963 
   77100    89.455979    133.05899   -14.954857     1.065577 
   77200    89.454528    133.05683   -14.952699    1.0656578 
   77300    89.453075    133.05467   -14.950538    1.0657388 
   77400    89.451621    133.05251   -14.948374    1.0658198 
   77500    89.450164    133.05034   -14.946209    1.0659009 
   77600    89.448707    133.04817    -14.94404    1.0659821 
   77700    89.447247      133.046    -14.94187    1.0660634 
   77800    89.445786    133.04383   -14.939696    1.0661449 
   77900    89.444323    133.04165    -14.93752    1.0662264 
   78000    89.442859    133.03947   -14.935342     1.066308 
   78100    89.441393    133.03729   -14.933162    1.0663897 
   78200    89.439925    133.03511   -14.930978    1.0664715 
   78300    89.438456    133.03292   -14.928793    1.0665535 
   78400    89.436985    133.03074   -14.926605    1.0666355 
   78500    89.435512    133.02855   -14.924414    1.0667176 
   78600    89.434038    133.02635   -14.922221    1.0667998 
   78700    89.432562    133.02416   -14.920026    1.0668821 
   78800    89.431084    133.02196   -14.917828    1.0669645 
   78900    89.429605    133.01976   -14.915628     1.067047 
   79000    89.428124    133.01756   -14.913425    1.0671296 
   79100    89.426642    133.01535    -14.91122    1.0672123 
   79200    89.425158    133.01314   -14.909013    1.0672951 
   79300    89.423672    133.01094   -14.906803     1.067378 
   79400    89.422185    133.00872   -14.904591    1.0674609 
   79500    89.420696    133.00651   -14.902376     1.067544 
   79600    89.419206    133.00429    -14.90016    1.0676272 
   79700    89.417714    133.00207    -14.89794    1.0677104 
   79800     89.41622    132.99985   -14.895719    1.0677937 
   79900    89.414725    132.99763   -14.893495    1.0678772 
   80000    89.413228     132.9954   -14.891269    1.0679607 
   80100     89.41173    132.99317    -14.88904    1.0680443 
   80200     89.41023    132.99094   -14.886862    1.0681268 
   80300    89.408729    132.98871   -14.884628    1.0682106 
   80400    89.407226    132.98647   -14.882393    1.0682945 
   80500    89.405721    132.98423   -14.880155    1.0683784 
   80600    89.404215    132.98199   -14.877915    1.0684625 
   80700    89.402708    132.97975   -14.875673    1.0685466 
   80800    89.401199    132.97751   -14.873428    1.0686309 
   80900    89.399688    132.97526   -14.871181    1.0687152 
   81000    89.398176    132.97301   -14.868932    1.0687996 
   81100    89.396662    132.97076   -14.866681    1.0688841 
   81200    89.395147    132.96851   -14.864427    1.0689687 
   81300    89.393631    132.96625   -14.862172    1.0690533 
   81400    89.392113    132.96399   -14.859913    1.0691381 
   81500    89.390593    132.96173   -14.857653    1.0692229 
   81600    89.389072    132.95947   -14.855391    1.0693078 
   81700     89.38755    132.95721   -14.853126    1.0693928 
   81800    89.386026    132.95494   -14.850859    1.0694779 
   81900      89.3845    132.95267    -14.84859    1.0695631 
   82000    89.382973     132.9504   -14.846319    1.0696483 
   82100    89.381445    132.94813   -14.844046    1.0697336 
   82200    89.379915    132.94585   -14.841771     1.069819 
   82300    89.378384    132.94357   -14.839493    1.0699045 
   82400    89.376851    132.94129   -14.837213    1.0699901 
   82500    89.375317    132.93901   -14.834931    1.0700757 
   82600    89.373782    132.93673   -14.832647    1.0701615 
   82700    89.372245    132.93444   -14.830361    1.0702473 
   82800    89.370706    132.93215   -14.828073    1.0703331 
   82900    89.369167    132.92986   -14.825783    1.0704191 
   83000    89.367626    132.92757   -14.823491    1.0705051 
   83100    89.366083    132.92528   -14.821196    1.0705912 
   83200    89.364539    132.92298     -14.8189    1.0706774 
   83300    89.362994    132.92068   -14.816601    1.0707636 
   83400    89.361447    132.91838   -14.814301      1.07085 
   83500    89.359899    132.91608   -14.811998    1.0709364 
   83600     89.35835    132.91377   -14.809694    1.0710228 
   83700    89.356799    132.91147   -14.807387    1.0711094 
   83800    89.355247    132.90916   -14.805078     1.071196 
   83900    89.353694    132.90685   -14.802768    1.0712827 
   84000    89.352139    132.90453   -14.800455    1.0713694 
   84100    89.350583    132.90222   -14.798141    1.0714563 
   84200    89.349025     132.8999   -14.795824    1.0715432 
   84300    89.347467    132.89759   -14.793506    1.0716301 
   84400    89.345907    132.89527   -14.791186    1.0717172 
   84500    89.344345    132.89294   -14.788863    1.0718043 
   84600    89.342783    132.89062   -14.786539    1.0718915 
   84700    89.341219    132.88829   -14.784213    1.0719787 
   84800    89.339654    132.88596   -14.781885     1.072066 
   84900    89.338087    132.88363   -14.779555    1.0721534 
   85000     89.33652     132.8813   -14.777223    1.0722408 
   85100    89.334951    132.87897   -14.774889    1.0723283 
   85200    89.333381    132.87663   -14.772554    1.0724159 
   85300    89.331809     132.8743   -14.770216    1.0725035 
   85400    89.330236    132.87196   -14.767877    1.0725912 
   85500    89.328663    132.86962   -14.765536    1.0726789 
   85600    89.327087    132.86727   -14.763193    1.0727667 
   85700    89.325511    132.86493   -14.760849    1.0728546 
   85800    89.323934    132.86258    -14.75845    1.0729438 
   85900    89.322355    132.86023   -14.756101    1.0730318 
   86000    89.320775    132.85788   -14.753751    1.0731198 
   86100    89.319194    132.85553     -14.7514    1.0732079 
   86200    89.317611    132.85318   -14.749046    1.0732961 
   86300    89.316028    132.85082   -14.746691    1.0733843 
   86400    89.314443    132.84847   -14.744334    1.0734726 
   86500    89.312858    132.84611   -14.741975    1.0735609 
   86600    89.311271    132.84375   -14.739615    1.0736493 
   86700    89.309683    132.84138   -14.737252    1.0737378 
   86800    89.308093    132.83902   -14.734889    1.0738263 
   86900    89.306503    132.83666   -14.732523    1.0739148 
   87000    89.304912    132.83429   -14.730156    1.0740035 
   87100    89.303319    132.83192   -14.727787    1.0740921 
   87200    89.301725    132.82955   -14.725417    1.0741808 
   87300    89.300131    132.82718   -14.723045    1.0742696 
   87400    89.298535     132.8248   -14.720671    1.0743584 
   87500    89.296938    132.82243   -14.718295    1.0744473 
   87600     89.29534    132.82005   -14.715919    1.0745362 
   87700    89.293741    132.81767    -14.71354    1.0746251 
   87800    89.292141    132.81529    -14.71116    1.0747142 
   87900    89.290539    132.81291   -14.708778    1.0748032 
   88000    89.288937    132.81053   -14.706395    1.0748923 
   88100    89.287334    132.80814   -14.704011    1.0749815 
   88200     89.28573    132.80576   -14.701624    1.0750707 
   88300    89.284124    132.80337   -14.699237    1.0751599 
   88400    89.282518    132.80098   -14.696847    1.0752492 
   88500    89.280911    132.79859   -14.694457    1.0753385 
   88600    89.279303     132.7962   -14.692064    1.0754279 
   88700    89.277693     132.7938   -14.689671    1.0755173 
   88800    89.276083    132.79141   -14.687276    1.0756067 
   88900    89.274472    132.78901   -14.684879    1.0756962 
   89000     89.27286    132.78661   -14.682481    1.0757858 
   89100    89.271247    132.78421   -14.680082    1.0758753 
   89200    89.269632    132.78181   -14.677681     1.075965 
   89300    89.268017    132.77941   -14.675279    1.0760546 
   89400    89.266402    132.77701   -14.672928    1.0761431 
   89500    89.264785     132.7746   -14.670523    1.0762328 
   89600    89.263167     132.7722   -14.668116    1.0763225 
   89700    89.261548    132.76979   -14.665709    1.0764123 
   89800    89.259929    132.76738     -14.6633    1.0765022 
   89900    89.258308    132.76497    -14.66089     1.076592 
   90000    89.256687    132.76256   -14.658478    1.0766819 
   90100    89.255065    132.76015   -14.656065    1.0767718 
   90200    89.253442    132.75773   -14.653651    1.0768618 
   90300    89.251818    132.75532   -14.651236    1.0769518 
   90400    89.250194     132.7529   -14.648819    1.0770418 
   90500    89.248568    132.75048   -14.646402    1.0771319 
   90600    89.246942    132.74806   -14.643983    1.0772219 
   90700    89.245315    132.74564   -14.641562     1.077312 
   90800    89.243687    132.74322   -14.639141    1.0774022 
   90900    89.242058     132.7408   -14.636718    1.0774923 
   91000    89.240428    132.73837   -14.634295    1.0775825 
   91100    89.238798    132.73595    -14.63187    1.0776727 
   91200    89.237167    132.73352   -14.629444     1.077763 
   91300    89.235535     132.7311   -14.627016    1.0778532 
   91400    89.233903    132.72867   -14.624588    1.0779435 
   91500    89.232269    132.72624   -14.622159    1.0780338 
   91600    89.230635    132.72381   -14.619728    1.0781241 
   91700    89.229001    132.72138   -14.617297    1.0782145 
   91800    89.227365    132.71894   -14.614864    1.0783049 
   91900    89.225729    132.71651    -14.61243    1.0783952 
   92000    89.224092    132.71408   -14.609996    1.0784856 
   92100    89.222455    132.71164    -14.60756    1.0785761 
   92200    89.220816     132.7092   -14.605123    1.0786665 
   92300    89.219178    132.70677   -14.602686     1.078757 
   92400    89.217538    132.70433   -14.600247    1.0788474 
   92500    89.215898    132.70189   -14.597807    1.0789379 
   92600    89.214257    132.69945   -14.595367    1.0790284 
   92700    89.212616      132.697   -14.592925    1.0791189 
   92800    89.210974    132.69456   -14.590483    1.0792095 
   92900    89.209331    132.69212    -14.58804       1.0793 
   93000    89.207688    132.68968   -14.585595    1.0793906 
   93100    89.206044    132.68723    -14.58315    1.0794811 
   93200      89.2044    132.68478   -14.580705    1.0795717 
   93300    89.202755    132.68234   -14.578258    1.0796623 
   93400    89.201109    132.67989    -14.57581    1.0797529 
   93500    89.199463    132.67744   -14.573362    1.0798435 
   93600    89.197817    132.67499   -14.570913    1.0799341 
   93700    89.196169    132.67254    -14.56841    1.0800259 
   93800    89.194522    132.67009    -14.56596    1.0801165 
   93900    89.192874    132.66764   -14.563508    1.0802071 
   94000    89.191225    132.66519   -14.561056    1.0802977 
   94100    89.189576    132.66273   -14.558603    1.0803884 
   94200    89.187926    132.66028   -14.556149     1.080479 
   94300    89.186276    132.65783   -14.553695    1.0805696 
   94400    89.184626    132.65537    -14.55124    1.0806602 
   94500    89.182975    132.65292   -14.548784    1.0807509 
   94600    89.181323    132.65046   -14.546328    1.0808415 
   94700    89.179672      132.648   -14.543871    1.0809321 
   94800    89.178019    132.64555   -14.541413    1.0810227 
   94900    89.176367    132.64309   -14.538955    1.0811133 
   95000    89.174714    132.64063   -14.536497    1.0812039 
   95100     89.17306    132.63817   -14.534037    1.0812945 
   95200    89.171407    132.63571   -14.531577    1.0813851 
   95300    89.169752    132.63325   -14.529117    1.0814757 
   95400    89.168098    132.63079   -14.526656    1.0815663 
   95500    89.166443    132.62833   -14.524195    1.0816569 
   95600    89.164788    132.62586   -14.521733    1.0817474 
   95700    89.163132     132.6234    -14.51927     1.081838 
   95800    89.161477    132.62094   -14.516807    1.0819285 
   95900    89.159821    132.61848   -14.514344    1.0820191 
   96000    89.158164    132.61601    -14.51188    1.0821096 
   96100    89.156508    132.61355   -14.509416    1.0822001 
   96200    89.154851    132.61108   -14.506952    1.0822906 
   96300    89.153193    132.60862   -14.504487     1.082381 
   96400    89.151536    132.60615   -14.502022    1.0824715 
   96500    89.149878    132.60369   -14.499556    1.0825619 
   96600    89.148221    132.60122    -14.49709    1.0826524 
   96700    89.146562    132.59876   -14.494624    1.0827428 
   96800    89.144904    132.59629   -14.492157    1.0828331 
   96900    89.143246    132.59382    -14.48969    1.0829235 
   97000    89.141587    132.59136   -14.487223    1.0830138 
   97100    89.139928    132.58889   -14.484756    1.0831042 
   97200    89.138269    132.58642   -14.482288    1.0831945 
   97300     89.13661    132.58395    -14.47982    1.0832847 
   97400    89.134951    132.58148   -14.477352     1.083375 
   97500    89.133292    132.57902   -14.474884    1.0834652 
   97600    89.131632    132.57655   -14.472416    1.0835554 
   97700    89.129972    132.57408   -14.469947    1.0836456 
   97800    89.128313    132.57161   -14.467479    1.0837357 
   97900    89.126653    132.56914    -14.46501    1.0838258 
   98000    89.124993    132.56667   -14.462541    1.0839159 
   98100    89.123333     132.5642   -14.460072     1.084006 
   98200    89.121673    132.56173   -14.457603     1.084096 
   98300    89.120013    132.55927   -14.455134     1.084186 
   98400    89.118353     132.5568   -14.452665    1.0842759 
   98500    89.116693    132.55433   -14.450196    1.0843658 
   98600    89.115033    132.55186   -14.447727    1.0844557 
   98700    89.113373    132.54939   -14.445257    1.0845456 
   98800    89.111713    132.54692   -14.442788    1.0846354 
   98900    89.110054    132.54445   -14.440319    1.0847252 
   99000    89.108394    132.54198    -14.43785    1.0848149 
   99100    89.106734    132.53951   -14.435382    1.0849046 
   99200    89.105074    132.53704   -14.432913    1.0849943 
   99300    89.103414    132.53458   -14.430444    1.0850839 
   99400    89.101755    132.53211   -14.427976    1.0851734 
   99500    89.100095    132.52964   -14.425507     1.085263 
   99600    89.098436    132.52717   -14.423039    1.0853525 
   99700    89.096777     132.5247   -14.420571    1.0854419 
   99800    89.095118    132.52224   -14.418103    1.0855313 
   99900    89.093459    132.51977   -14.415636    1.0856207 
  100000      89.0918     132.5173   -14.413169      1.08571 
