#Step Temp KinEng PotEng Press 
       0           91     135.3556    -15.76389     1.056274 
     100    90.999999     135.3556   -15.763889    1.0562455 
     200    90.999997     135.3556   -15.763885    1.0562171 
     300    90.999993    135.35559   -15.763879    1.0561889 
     400    90.999987    135.35558    -15.76387    1.0561608 
     500    90.999979    135.35557   -15.763859    1.0561329 
     600    90.999969    135.35556   -15.763845    1.0561051 
     700    90.999958    135.35554   -15.763828    1.0560774 
     800    90.999945    135.35552   -15.763809    1.0560499 
     900    90.999931     135.3555   -15.763787    1.0560225 
    1000    90.999914    135.35548   -15.763763    1.0559953 
    1100    90.999896    135.35545   -15.763736    1.0559682 
    1200    90.999876    135.35542   -15.763706    1.0559413 
    1300    90.999855    135.35539   -15.763674    1.0559145 
    1400    90.999831    135.35535   -15.763639    1.0558878 
    1500    90.999806    135.35532   -15.763602    1.0558613 
    1600    90.999779    135.35528   -15.763562    1.0558349 
    1700    90.999751    135.35523   -15.763519    1.0558087 
    1800     90.99972    135.35519   -15.763474    1.0557826 
    1900    90.999688    135.35514   -15.763426    1.0557566 
    2000    90.999655    135.35509   -15.763376    1.0557308 
    2100    90.999619    135.35504   -15.763323    1.0557052 
    2200    90.999582    135.35498   -15.763268    1.0556797 
    2300    90.999543    135.35492    -15.76321    1.0556543 
    2400    90.999502    135.35486   -15.763149    1.0556291 
    2500    90.999459     135.3548   -15.763086     1.055604 
    2600    90.999415    135.35473    -15.76302     1.055579 
    2700    90.999369    135.35467   -15.762952    1.0555542 
    2800    90.999321    135.35459   -15.762881    1.0555296 
    2900    90.999272    135.35452   -15.762807    1.0555051 
    3000    90.999221    135.35444   -15.762731    1.0554807 
    3100    90.999168    135.35437   -15.762652    1.0554564 
    3200    90.999113    135.35428   -15.762571    1.0554324 
    3300    90.999057     135.3542   -15.762487    1.0554084 
    3400    90.998999    135.35411   -15.762401    1.0553846 
    3500    90.998939    135.35403   -15.762312     1.055361 
    3600    90.998877    135.35393    -15.76222    1.0553374 
    3700    90.998814    135.35384   -15.762126    1.0553141 
    3800    90.998749    135.35374   -15.762029    1.0552908 
    3900    90.998682    135.35364   -15.761929    1.0552678 
    4000    90.998613    135.35354   -15.761827    1.0552448 
    4100    90.998543    135.35344   -15.761723     1.055222 
    4200    90.998471    135.35333   -15.761616    1.0551993 
    4300    90.998397    135.35322   -15.761506    1.0551768 
    4400    90.998322    135.35311   -15.761394    1.0551545 
    4500    90.998244    135.35299   -15.761279    1.0551322 
    4600    90.998165    135.35287   -15.761161    1.0551101 
    4700    90.998085    135.35275   -15.761041    1.0550882 
    4800    90.998002    135.35263   -15.760918    1.0550664 
    4900    90.997918    135.35251   -15.760793    1.0550447 
    5000    90.997832    135.35238   -15.760665    1.0550232 
    5100    90.997744    135.35225   -15.760535    1.0550019 
    5200    90.997655    135.35212   -15.760402    1.0549806 
    5300    90.997564    135.35198   -15.760266    1.0549596 
    5400    90.997471    135.35184   -15.760128    1.0549386 
    5500    90.997376     135.3517   -15.759987    1.0549178 
    5600     90.99728    135.35156   -15.759844    1.0548972 
    5700    90.997182    135.35141   -15.759698    1.0548766 
    5800    90.997082    135.35126   -15.759549    1.0548563 
    5900     90.99698    135.35111   -15.759398     1.054836 
    6000    90.996877    135.35096   -15.759244     1.054816 
    6100    90.996772     135.3508   -15.759088     1.054796 
    6200    90.996665    135.35064   -15.758929    1.0547762 
    6300    90.996556    135.35048   -15.758768    1.0547566 
    6400    90.996446    135.35032   -15.758604    1.0547371 
    6500    90.996334    135.35015   -15.758437    1.0547177 
    6600     90.99622    135.34998   -15.758268    1.0546985 
    6700    90.996104    135.34981   -15.758096    1.0546794 
    6800    90.995987    135.34963   -15.757921    1.0546605 
    6900    90.995868    135.34946   -15.757744    1.0546417 
    7000    90.995747    135.34928   -15.757565     1.054623 
    7100    90.995625     135.3491   -15.757383    1.0546045 
    7200    90.995501    135.34891   -15.757198    1.0545861 
    7300    90.995375    135.34872    -15.75701    1.0545679 
    7400    90.995247    135.34853    -15.75682    1.0545498 
    7500    90.995118    135.34834   -15.756628    1.0545319 
    7600    90.994986    135.34815   -15.756433    1.0545141 
    7700    90.994853    135.34795   -15.756235    1.0544965 
    7800    90.994719    135.34775   -15.756035     1.054479 
    7900    90.994582    135.34755   -15.755832    1.0544616 
    8000    90.994444    135.34734   -15.755626    1.0544444 
    8100    90.994304    135.34713   -15.755418    1.0544273 
    8200    90.994163    135.34692   -15.755207    1.0544104 
    8300    90.994019    135.34671   -15.754994    1.0543936 
    8400    90.993874    135.34649   -15.754778    1.0543769 
    8500    90.993727    135.34627    -15.75456    1.0543604 
    8600    90.993579    135.34605   -15.754339    1.0543441 
    8700    90.993428    135.34583   -15.754115    1.0543279 
    8800    90.993276     135.3456   -15.753889    1.0543118 
    8900    90.993122    135.34537    -15.75366    1.0542959 
    9000    90.992967    135.34514   -15.753429    1.0542801 
    9100    90.992809    135.34491   -15.753195    1.0542644 
    9200     90.99265    135.34467   -15.752958    1.0542489 
    9300    90.992489    135.34443   -15.752771    1.0542323 
    9400    90.992327    135.34419   -15.752529    1.0542171 
    9500    90.992163    135.34395   -15.752285    1.0542021 
    9600    90.991997     135.3437   -15.752038    1.0541871 
    9700    90.991829    135.34345   -15.751788    1.0541724 
    9800    90.991659     135.3432   -15.751536    1.0541577 
    9900    90.991488    135.34294   -15.751281    1.0541432 
   10000    90.991315    135.34269   -15.751024    1.0541289 
   10100     90.99114    135.34243   -15.750764    1.0541147 
   10200    90.990964    135.34216   -15.750501    1.0541006 
   10300    90.990785     135.3419   -15.750236    1.0540867 
   10400    90.990605    135.34163   -15.749968    1.0540729 
   10500    90.990423    135.34136   -15.749698    1.0540593 
   10600     90.99024    135.34109   -15.749425    1.0540458 
   10700    90.990055    135.34081    -15.74915    1.0540324 
   10800    90.989868    135.34053   -15.748871    1.0540192 
   10900    90.989679    135.34025   -15.748591    1.0540062 
   11000    90.989488    135.33997   -15.748307    1.0539933 
   11100    90.989296    135.33968   -15.748021    1.0539805 
   11200    90.989102    135.33939   -15.747733    1.0539679 
   11300    90.988906     135.3391   -15.747442    1.0539554 
   11400    90.988709    135.33881   -15.747148    1.0539431 
   11500     90.98851    135.33851   -15.746851    1.0539309 
   11600    90.988309    135.33821   -15.746552    1.0539188 
   11700    90.988106    135.33791   -15.746251    1.0539069 
   11800    90.987901    135.33761   -15.745947    1.0538951 
   11900    90.987695     135.3373    -15.74564    1.0538835 
   12000    90.987487    135.33699    -15.74533     1.053872 
   12100    90.987277    135.33668   -15.745018    1.0538607 
   12200    90.987066    135.33636   -15.744704    1.0538495 
   12300    90.986853    135.33605   -15.744387    1.0538385 
   12400    90.986637    135.33573   -15.744067    1.0538276 
   12500    90.986421    135.33541   -15.743744    1.0538168 
   12600    90.986202    135.33508   -15.743419    1.0538062 
   12700    90.985982    135.33475   -15.743092    1.0537957 
   12800     90.98576    135.33442   -15.742814    1.0537842 
   12900    90.985536    135.33409   -15.742481     1.053774 
   13000    90.985311    135.33375   -15.742145     1.053764 
   13100    90.985083    135.33342   -15.741807    1.0537541 
   13200    90.984854    135.33308   -15.741467    1.0537443 
   13300    90.984623    135.33273   -15.741123    1.0537347 
   13400    90.984391    135.33239   -15.740777    1.0537252 
   13500    90.984156    135.33204   -15.740429    1.0537159 
   13600     90.98392    135.33169   -15.740078    1.0537068 
   13700    90.983683    135.33133   -15.739724    1.0536977 
   13800    90.983443    135.33098   -15.739368    1.0536888 
   13900    90.983202    135.33062   -15.739009    1.0536801 
   14000    90.982959    135.33026   -15.738647    1.0536715 
   14100    90.982714    135.32989   -15.738283    1.0536631 
   14200    90.982467    135.32952   -15.737916    1.0536547 
   14300    90.982219    135.32916   -15.737546    1.0536466 
   14400    90.981968    135.32878   -15.737174    1.0536386 
   14500    90.981717    135.32841     -15.7368    1.0536307 
   14600    90.981463    135.32803   -15.736422     1.053623 
   14700    90.981207    135.32765   -15.736042    1.0536154 
   14800     90.98095    135.32727    -15.73566    1.0536079 
   14900    90.980691    135.32688   -15.735275    1.0536006 
   15000    90.980431     135.3265   -15.734887    1.0535935 
   15100    90.980168    135.32611   -15.734496    1.0535865 
   15200    90.979904    135.32571   -15.734103    1.0535796 
   15300    90.979638    135.32532   -15.733708    1.0535729 
   15400     90.97937    135.32492   -15.733309    1.0535663 
   15500    90.979101    135.32452   -15.732908    1.0535599 
   15600    90.978829    135.32411   -15.732505    1.0535536 
   15700    90.978556    135.32371   -15.732099    1.0535475 
   15800    90.978281     135.3233    -15.73169    1.0535415 
   15900    90.978005    135.32289   -15.731279    1.0535356 
   16000    90.977726    135.32247   -15.730864    1.0535299 
   16100    90.977446    135.32206   -15.730448    1.0535243 
   16200    90.977164    135.32164   -15.730028    1.0535189 
   16300    90.976881    135.32122   -15.729606    1.0535136 
   16400    90.976595    135.32079   -15.729182    1.0535085 
   16500    90.976308    135.32036   -15.728755    1.0535035 
   16600    90.976019    135.31993   -15.728325    1.0534987 
   16700    90.975728     135.3195   -15.727892     1.053494 
   16800    90.975436    135.31907   -15.727457    1.0534894 
   16900    90.975141    135.31863   -15.727019     1.053485 
   17000    90.974845    135.31819   -15.726579    1.0534808 
   17100    90.974547    135.31774   -15.726136    1.0534767 
   17200    90.974248     135.3173    -15.72569    1.0534727 
   17300    90.973946    135.31685   -15.725242    1.0534689 
   17400    90.973643     135.3164   -15.724791    1.0534652 
   17500    90.973338    135.31595   -15.724338    1.0534616 
   17600    90.973032    135.31549   -15.723881    1.0534583 
   17700    90.972723    135.31503   -15.723422     1.053455 
   17800    90.972413    135.31457   -15.722961    1.0534519 
   17900    90.972101    135.31411   -15.722497     1.053449 
   18000    90.971787    135.31364    -15.72203    1.0534461 
   18100    90.971471    135.31317   -15.721561    1.0534435 
   18200    90.971154     135.3127   -15.721088     1.053441 
   18300    90.970835    135.31222   -15.720614    1.0534386 
   18400    90.970514    135.31174   -15.720136    1.0534363 
   18500    90.970191    135.31126   -15.719656    1.0534343 
   18600    90.969866    135.31078   -15.719174    1.0534323 
   18700     90.96954     135.3103   -15.718688    1.0534305 
   18800    90.969212    135.30981     -15.7182    1.0534289 
   18900    90.968882    135.30932    -15.71771    1.0534274 
   19000    90.968551    135.30883   -15.717216     1.053426 
   19100    90.968217    135.30833    -15.71672    1.0534248 
   19200    90.967882    135.30783   -15.716222    1.0534237 
   19300    90.967545    135.30733   -15.715721    1.0534228 
   19400    90.967206    135.30683   -15.715217     1.053422 
   19500    90.966866    135.30632    -15.71471    1.0534214 
   19600    90.966523    135.30581   -15.714201    1.0534209 
   19700    90.966179     135.3053   -15.713689    1.0534206 
   19800    90.965833    135.30478   -15.713174    1.0534204 
   19900    90.965486    135.30427   -15.712657    1.0534203 
   20000    90.965136    135.30375   -15.712137    1.0534204 
   20100    90.964785    135.30322   -15.711615    1.0534207 
   20200    90.964432     135.3027    -15.71109     1.053421 
   20300    90.964077    135.30217   -15.710562    1.0534216 
   20400     90.96372    135.30164   -15.710031    1.0534222 
   20500    90.963362    135.30111   -15.709498    1.0534231 
   20600    90.963001    135.30057   -15.708962     1.053424 
   20700    90.962639    135.30003   -15.708424    1.0534252 
   20800    90.962275    135.29949   -15.707882    1.0534264 
   20900     90.96191    135.29895   -15.707339    1.0534278 
   21000    90.961542     135.2984   -15.706792    1.0534294 
   21100    90.961173    135.29785   -15.706243    1.0534311 
   21200    90.960802     135.2973   -15.705691    1.0534329 
   21300    90.960429    135.29675   -15.705136    1.0534349 
   21400    90.960055    135.29619   -15.704579     1.053437 
   21500    90.959678    135.29563   -15.704019    1.0534393 
   21600      90.9593    135.29507   -15.703457    1.0534417 
   21700     90.95892     135.2945   -15.702891    1.0534443 
   21800    90.958538    135.29393   -15.702323     1.053447 
   21900    90.958154    135.29336   -15.701753    1.0534499 
   22000    90.957769    135.29279   -15.701179    1.0534529 
   22100    90.957382    135.29221   -15.700603    1.0534561 
   22200    90.956993    135.29163   -15.700025    1.0534594 
   22300    90.956602    135.29105   -15.699443    1.0534628 
   22400    90.956209    135.29047   -15.698859    1.0534664 
   22500    90.955815    135.28988   -15.698273    1.0534702 
   22600    90.955418    135.28929   -15.697683    1.0534741 
   22700     90.95502     135.2887   -15.697091    1.0534781 
   22800    90.954621    135.28811   -15.696496    1.0534823 
   22900    90.954219    135.28751   -15.695899    1.0534866 
   23000    90.953815    135.28691   -15.695299    1.0534911 
   23100     90.95341     135.2863   -15.694696    1.0534957 
   23200    90.953003     135.2857    -15.69409    1.0535005 
   23300    90.952594    135.28509   -15.693482    1.0535054 
   23400    90.952183    135.28448   -15.692871    1.0535104 
   23500    90.951771    135.28387   -15.692257    1.0535156 
   23600    90.951356    135.28325   -15.691641     1.053521 
   23700     90.95094    135.28263   -15.691022    1.0535265 
   23800    90.950522    135.28201     -15.6904    1.0535321 
   23900    90.950102    135.28138   -15.689776    1.0535379 
   24000    90.949681    135.28076   -15.689149    1.0535439 
   24100    90.949257    135.28013   -15.688519    1.0535499 
   24200    90.948832    135.27949   -15.687886    1.0535562 
   24300    90.948405    135.27886   -15.687251    1.0535626 
   24400    90.947976    135.27822   -15.686613    1.0535691 
   24500    90.947545    135.27758   -15.685972    1.0535758 
   24600    90.947112    135.27694   -15.685329    1.0535826 
   24700    90.946678    135.27629   -15.684683    1.0535895 
   24800    90.946242    135.27564   -15.684034    1.0535967 
   24900    90.945804    135.27499   -15.683382    1.0536039 
   25000    90.945364    135.27434   -15.682728    1.0536113 
   25100    90.944922    135.27368   -15.682071    1.0536189 
   25200    90.944479    135.27302   -15.681411    1.0536266 
   25300    90.944033    135.27236   -15.680749    1.0536344 
   25400    90.943586    135.27169   -15.680084    1.0536424 
   25500    90.943137    135.27102   -15.679416    1.0536506 
   25600    90.942686    135.27035   -15.678745    1.0536589 
   25700    90.942234    135.26968   -15.678072    1.0536673 
   25800    90.941779      135.269   -15.677396    1.0536759 
   25900    90.941323    135.26833   -15.676717    1.0536846 
   26000    90.940865    135.26764   -15.676036    1.0536935 
   26100    90.940405    135.26696   -15.675351    1.0537025 
   26200    90.939943    135.26627   -15.674664    1.0537117 
   26300    90.939479    135.26558   -15.673975     1.053721 
   26400    90.939014    135.26489   -15.673282    1.0537305 
   26500    90.938546     135.2642   -15.672587    1.0537401 
   26600    90.938077     135.2635   -15.671889    1.0537498 
   26700    90.937606     135.2628   -15.671189    1.0537598 
   26800    90.937133    135.26209   -15.670485    1.0537698 
   26900    90.936659    135.26139   -15.669779      1.05378 
   27000    90.936182    135.26068   -15.669071    1.0537904 
   27100    90.935704    135.25997   -15.668359    1.0538009 
   27200    90.935223    135.25925   -15.667645    1.0538115 
   27300    90.934741    135.25854   -15.666928    1.0538223 
   27400    90.934257    135.25782   -15.666208    1.0538333 
   27500    90.933772    135.25709   -15.665485    1.0538443 
   27600    90.933284    135.25637    -15.66476    1.0538556 
   27700    90.932795    135.25564   -15.664032     1.053867 
   27800    90.932303    135.25491   -15.663301    1.0538785 
   27900     90.93181    135.25418   -15.662568    1.0538902 
   28000    90.931315    135.25344   -15.661831     1.053902 
   28100    90.930818     135.2527   -15.661092     1.053914 
   28200     90.93032    135.25196   -15.660351    1.0539261 
   28300    90.929819    135.25121   -15.659606    1.0539384 
   28400    90.929317    135.25047   -15.658859    1.0539508 
   28500    90.928812    135.24972   -15.658109    1.0539634 
   28600    90.928306    135.24896   -15.657356    1.0539761 
   28700    90.927798    135.24821     -15.6566     1.053989 
   28800    90.927288    135.24745   -15.655842     1.054002 
   28900    90.926777    135.24669   -15.655081    1.0540151 
   29000    90.926263    135.24593   -15.654317    1.0540284 
   29100    90.925748    135.24516    -15.65355    1.0540419 
   29200     90.92523    135.24439   -15.652781    1.0540555 
   29300    90.924711    135.24362   -15.652009    1.0540693 
   29400     90.92419    135.24284   -15.651234    1.0540832 
   29500    90.923667    135.24206   -15.650456    1.0540972 
   29600    90.923143    135.24128   -15.649675    1.0541114 
   29700    90.922616     135.2405   -15.648892    1.0541258 
   29800    90.922088    135.23971   -15.648106    1.0541403 
   29900    90.921557    135.23893   -15.647317    1.0541549 
   30000    90.921025    135.23813   -15.646526    1.0541697 
   30100    90.920491    135.23734   -15.645731    1.0541846 
   30200    90.919955    135.23654   -15.644934    1.0541997 
   30300    90.919417    135.23574   -15.644134     1.054215 
   30400    90.918878    135.23494   -15.643331    1.0542304 
   30500    90.918336    135.23413   -15.642526    1.0542459 
   30600    90.917793    135.23333   -15.641718    1.0542616 
   30700    90.917247    135.23252   -15.640906    1.0542774 
   30800      90.9167     135.2317   -15.640093    1.0542934 
   30900    90.916151    135.23088   -15.639276    1.0543095 
   31000      90.9156    135.23007   -15.638456    1.0543258 
   31100    90.915047    135.22924   -15.637634    1.0543422 
   31200    90.914493    135.22842   -15.636809    1.0543588 
   31300    90.913936    135.22759   -15.635981    1.0543755 
   31400    90.913378    135.22676   -15.635151    1.0543924 
   31500    90.912817    135.22593   -15.634317    1.0544094 
   31600    90.912255    135.22509   -15.633481    1.0544266 
   31700    90.911691    135.22425   -15.632642    1.0544439 
   31800    90.911125    135.22341     -15.6318    1.0544614 
   31900    90.910557    135.22256   -15.630955     1.054479 
   32000    90.909987    135.22172   -15.630108    1.0544968 
   32100    90.909416    135.22087   -15.629257    1.0545147 
   32200    90.908842    135.22001   -15.628404    1.0545328 
   32300    90.908267    135.21916   -15.627548     1.054551 
   32400    90.907689     135.2183    -15.62669    1.0545693 
   32500     90.90711    135.21744   -15.625828    1.0545879 
   32600    90.906529    135.21657   -15.624964    1.0546065 
   32700    90.905946    135.21571   -15.624096    1.0546253 
   32800    90.905361    135.21484   -15.623226    1.0546443 
   32900    90.904774    135.21396   -15.622354    1.0546634 
   33000    90.904185    135.21309   -15.621478    1.0546827 
   33100    90.903595    135.21221     -15.6206    1.0547021 
   33200    90.903002    135.21133   -15.619718    1.0547216 
   33300    90.902408    135.21044   -15.618834    1.0547414 
   33400    90.901812    135.20956   -15.617947    1.0547612 
   33500    90.901213    135.20867   -15.617057    1.0547812 
   33600    90.900613    135.20777   -15.616165    1.0548014 
   33700    90.900011    135.20688   -15.615269    1.0548217 
   33800    90.899407    135.20598   -15.614371    1.0548421 
   33900    90.898802    135.20508    -15.61347    1.0548628 
   34000    90.898194    135.20417   -15.612566    1.0548835 
   34100    90.897584    135.20327   -15.611659    1.0549044 
   34200    90.896973    135.20236    -15.61075    1.0549255 
   34300    90.896359    135.20145   -15.609837    1.0549467 
   34400    90.895744    135.20053   -15.608922     1.054968 
   34500    90.895127    135.19961   -15.608004    1.0549895 
   34600    90.894507    135.19869   -15.607083    1.0550112 
   34700    90.893886    135.19777   -15.606159     1.055033 
   34800    90.893263    135.19684   -15.605232     1.055055 
   34900    90.892638    135.19591   -15.604303    1.0550771 
   35000    90.892012    135.19498    -15.60337    1.0550993 
   35100    90.891383    135.19404   -15.602435    1.0551217 
   35200    90.890752    135.19311   -15.601497    1.0551443 
   35300    90.890119    135.19216   -15.600556     1.055167 
   35400    90.889485    135.19122   -15.599612    1.0551898 
   35500    90.888848    135.19027   -15.598665    1.0552128 
   35600     90.88821    135.18932   -15.597716     1.055236 
   35700     90.88757    135.18837   -15.596763    1.0552593 
   35800    90.886928    135.18742   -15.595808    1.0552828 
   35900    90.886283    135.18646    -15.59485    1.0553064 
   36000    90.885637     135.1855   -15.593889    1.0553301 
   36100    90.884989    135.18453   -15.592925     1.055354 
   36200    90.884339    135.18357   -15.591958    1.0553781 
   36300    90.883687     135.1826   -15.590989    1.0554023 
   36400    90.883034    135.18163   -15.590016    1.0554266 
   36500    90.882378    135.18065   -15.589041    1.0554512 
   36600     90.88172    135.17967   -15.588063    1.0554758 
   36700    90.881061    135.17869   -15.587082    1.0555006 
   36800    90.880399    135.17771   -15.586098    1.0555256 
   36900    90.879736    135.17672   -15.585111    1.0555507 
   37000     90.87907    135.17573   -15.584121     1.055576 
   37100    90.878403    135.17474   -15.583128    1.0556014 
   37200    90.877734    135.17374   -15.582133    1.0556269 
   37300    90.877062    135.17274   -15.581135    1.0556526 
   37400    90.876389    135.17174   -15.580133    1.0556785 
   37500    90.875714    135.17074   -15.579129    1.0557045 
   37600    90.875037    135.16973   -15.578122    1.0557307 
   37700    90.874358    135.16872   -15.577112     1.055757 
   37800    90.873677    135.16771   -15.576099    1.0557835 
   37900    90.872994    135.16669   -15.575083    1.0558101 
   38000    90.872309    135.16567   -15.574065    1.0558368 
   38100    90.871623    135.16465   -15.573043    1.0558638 
   38200    90.870934    135.16363   -15.572019    1.0558908 
   38300    90.870243     135.1626   -15.570991     1.055918 
   38400    90.869551    135.16157   -15.569961    1.0559454 
   38500    90.868856    135.16054   -15.568928    1.0559729 
   38600    90.868159     135.1595   -15.567892    1.0560006 
   38700    90.867461    135.15846   -15.566853    1.0560284 
   38800     90.86676    135.15742   -15.565811    1.0560564 
   38900    90.866058    135.15638   -15.564766    1.0560845 
   39000    90.865354    135.15533   -15.563719    1.0561128 
   39100    90.864647    135.15428   -15.562668    1.0561412 
   39200    90.863939    135.15322   -15.561615    1.0561698 
   39300    90.863229    135.15217   -15.560558    1.0561985 
   39400    90.862517    135.15111   -15.559499    1.0562274 
   39500    90.861802    135.15005   -15.558436    1.0562564 
   39600    90.861086    135.14898   -15.557371    1.0562856 
   39700    90.860368    135.14791   -15.556303     1.056315 
   39800    90.859648    135.14684   -15.555232    1.0563444 
   39900    90.858926    135.14577   -15.554158    1.0563741 
   40000    90.858202    135.14469   -15.553081    1.0564039 
   40100    90.857476    135.14361   -15.552001    1.0564338 
   40200    90.856748    135.14253   -15.550919    1.0564639 
   40300    90.856018    135.14144   -15.549833    1.0564941 
   40400    90.855286    135.14035   -15.548744    1.0565245 
   40500    90.854552    135.13926   -15.547653    1.0565551 
   40600    90.853817    135.13817   -15.546558    1.0565858 
   40700    90.853079    135.13707   -15.545461    1.0566166 
   40800    90.852339    135.13597    -15.54436    1.0566476 
   40900    90.851597    135.13487   -15.543257    1.0566787 
   41000    90.850853    135.13376   -15.542151      1.05671 
   41100    90.850108    135.13265   -15.541041    1.0567415 
   41200     90.84936    135.13154   -15.539929    1.0567731 
   41300     90.84861    135.13042   -15.538814    1.0568049 
   41400    90.847859     135.1293   -15.537696    1.0568368 
   41500    90.847105    135.12818   -15.536575    1.0568688 
   41600    90.846349    135.12706   -15.535451     1.056901 
   41700    90.845592    135.12593   -15.534324    1.0569334 
   41800    90.844832     135.1248   -15.533194    1.0569659 
   41900    90.844071    135.12367   -15.532062    1.0569986 
   42000    90.843307    135.12253   -15.530926    1.0570314 
   42100    90.842541     135.1214   -15.529787    1.0570643 
   42200    90.841774    135.12025   -15.528645    1.0570974 
   42300    90.841004    135.11911   -15.527501    1.0571307 
   42400    90.840233    135.11796   -15.526353    1.0571641 
   42500    90.839459    135.11681   -15.525203    1.0571977 
   42600    90.838684    135.11566   -15.524049    1.0572314 
   42700    90.837906     135.1145   -15.522893    1.0572653 
   42800    90.837127    135.11334   -15.521733    1.0572993 
   42900    90.836345    135.11218   -15.520571    1.0573335 
   43000    90.835562    135.11101   -15.519405    1.0573678 
   43100    90.834776    135.10985   -15.518237    1.0574023 
   43200    90.833989    135.10867   -15.517065     1.057437 
   43300    90.833199     135.1075   -15.515891    1.0574717 
   43400    90.832408    135.10632   -15.514714    1.0575067 
   43500    90.831614    135.10514   -15.513533    1.0575418 
   43600    90.830818    135.10396    -15.51235     1.057577 
   43700    90.830021    135.10277   -15.511164    1.0576124 
   43800    90.829221    135.10158   -15.509975    1.0576479 
   43900     90.82842    135.10039   -15.508782    1.0576836 
   44000    90.827616     135.0992   -15.507587    1.0577195 
   44100    90.826811      135.098   -15.506389    1.0577555 
   44200    90.826003     135.0968   -15.505188    1.0577916 
   44300    90.825194    135.09559   -15.503984    1.0578279 
   44400    90.824382    135.09439   -15.502776    1.0578644 
   44500    90.823568    135.09317   -15.501566     1.057901 
   44600    90.822753    135.09196   -15.500353    1.0579377 
   44700    90.821935    135.09075   -15.499137    1.0579747 
   44800    90.821116    135.08953   -15.497918    1.0580117 
   44900    90.820294     135.0883   -15.496696    1.0580489 
   45000     90.81947    135.08708    -15.49547    1.0580863 
   45100    90.818644    135.08585   -15.494242    1.0581238 
   45200    90.817817    135.08462   -15.493011    1.0581615 
   45300    90.816987    135.08339   -15.491777    1.0581993 
   45400    90.816155    135.08215    -15.49054    1.0582373 
   45500    90.815322    135.08091     -15.4893    1.0582754 
   45600    90.814486    135.07967   -15.488056    1.0583137 
   45700    90.813648    135.07842    -15.48681    1.0583521 
   45800    90.812808    135.07717   -15.485561    1.0583907 
   45900    90.811966    135.07592   -15.484309    1.0584294 
   46000    90.811122    135.07466   -15.483054    1.0584683 
   46100    90.810276     135.0734   -15.481795    1.0585073 
   46200    90.809428    135.07214   -15.480534    1.0585465 
   46300    90.808578    135.07088    -15.47927    1.0585859 
   46400    90.807726    135.06961   -15.478003    1.0586253 
   46500    90.806872    135.06834   -15.476732     1.058665 
   46600    90.806016    135.06707   -15.475459    1.0587048 
   46700    90.805158    135.06579   -15.474183    1.0587447 
   46800    90.804298    135.06451   -15.472903    1.0587848 
   46900    90.803436    135.06323   -15.471621    1.0588251 
   47000    90.802572    135.06194   -15.470335    1.0588655 
   47100    90.801705    135.06066   -15.469047     1.058906 
   47200    90.800837    135.05936   -15.467755    1.0589467 
   47300    90.799967    135.05807   -15.466461    1.0589876 
   47400    90.799095    135.05677   -15.465163    1.0590286 
   47500     90.79822    135.05547   -15.463863    1.0590698 
   47600    90.797344    135.05417   -15.462559    1.0591111 
   47700    90.796465    135.05286   -15.461252    1.0591525 
   47800    90.795585    135.05155   -15.459943    1.0591941 
   47900    90.794702    135.05024    -15.45863    1.0592359 
   48000    90.793818    135.04892   -15.457314    1.0592778 
   48100    90.792931     135.0476   -15.455995    1.0593199 
   48200    90.792042    135.04628   -15.454674    1.0593621 
   48300    90.791152    135.04496   -15.453349    1.0594045 
   48400    90.790259    135.04363   -15.452021     1.059447 
   48500    90.789364     135.0423    -15.45069    1.0594897 
   48600    90.788467    135.04096   -15.449356    1.0595325 
   48700    90.787568    135.03963   -15.448019    1.0595755 
   48800    90.786667    135.03829   -15.446679    1.0596186 
   48900    90.785764    135.03694   -15.445336    1.0596619 
   49000    90.784859     135.0356   -15.443937    1.0597066 
   49100    90.783952    135.03425   -15.442588    1.0597502 
   49200    90.783043     135.0329   -15.441235    1.0597939 
   49300    90.782132    135.03154    -15.43988    1.0598378 
   49400    90.781218    135.03018   -15.438522    1.0598819 
   49500    90.780303    135.02882    -15.43716    1.0599261 
   49600    90.779386    135.02746   -15.435796    1.0599704 
   49700    90.778466    135.02609   -15.434428    1.0600149 
   49800    90.777545    135.02472   -15.433057    1.0600595 
   49900    90.776621    135.02334   -15.431684    1.0601043 
   50000    90.775696    135.02197   -15.430307    1.0601493 
   50100    90.774768    135.02059   -15.428927    1.0601944 
   50200    90.773838    135.01921   -15.427544    1.0602396 
   50300    90.772907    135.01782   -15.426158    1.0602851 
   50400    90.771973    135.01643   -15.424769    1.0603306 
   50500    90.771037    135.01504   -15.423377    1.0603763 
   50600    90.770099    135.01364   -15.421982    1.0604222 
   50700    90.769159    135.01224   -15.420584    1.0604682 
   50800    90.768217    135.01084   -15.419183    1.0605143 
   50900    90.767273    135.00944   -15.417778    1.0605607 
   51000    90.766326    135.00803   -15.416371    1.0606071 
   51100    90.765378    135.00662    -15.41496    1.0606537 
   51200    90.764428    135.00521   -15.413547    1.0607005 
   51300    90.763475    135.00379    -15.41213    1.0607474 
   51400    90.762521    135.00237    -15.41071    1.0607945 
   51500    90.761564    135.00095   -15.409288    1.0608417 
   51600    90.760606    134.99952   -15.407862    1.0608891 
   51700    90.759645    134.99809   -15.406433    1.0609366 
   51800    90.758682    134.99666   -15.405001    1.0609843 
   51900    90.757718    134.99523   -15.403566    1.0610321 
   52000    90.756751    134.99379   -15.402128    1.0610801 
   52100    90.755782    134.99235   -15.400686    1.0611282 
   52200    90.754811     134.9909   -15.399242    1.0611765 
   52300    90.753838    134.98946   -15.397795    1.0612249 
   52400    90.752862    134.98801   -15.396344    1.0612735 
   52500    90.751885    134.98655   -15.394891    1.0613222 
   52600    90.750906     134.9851   -15.393434    1.0613711 
   52700    90.749925    134.98364   -15.391974    1.0614201 
   52800    90.748941    134.98217   -15.390511    1.0614693 
   52900    90.747956    134.98071   -15.389045    1.0615186 
   53000    90.746968    134.97924   -15.387576    1.0615681 
   53100    90.745978    134.97777   -15.386104    1.0616177 
   53200    90.744987    134.97629   -15.384629    1.0616675 
   53300    90.743993    134.97481   -15.383151    1.0617174 
   53400    90.742997    134.97333    -15.38167    1.0617675 
   53500    90.741999    134.97185   -15.380185    1.0618178 
   53600    90.740999    134.97036   -15.378698    1.0618681 
   53700    90.739997    134.96887   -15.377207    1.0619187 
   53800    90.738992    134.96737   -15.375713    1.0619694 
   53900    90.737986    134.96588   -15.374217    1.0620202 
   54000    90.736978    134.96438   -15.372717    1.0620712 
   54100    90.735967    134.96287   -15.371214    1.0621223 
   54200    90.734955    134.96137   -15.369708    1.0621736 
   54300     90.73394    134.95986   -15.368198     1.062225 
   54400    90.732923    134.95835   -15.366686    1.0622766 
   54500    90.731905    134.95683   -15.365171    1.0623283 
   54600    90.730884    134.95531   -15.363652    1.0623802 
   54700    90.729861    134.95379   -15.362131    1.0624323 
   54800    90.728836    134.95227   -15.360606    1.0624844 
   54900    90.727809    134.95074   -15.359078    1.0625368 
   55000    90.726779    134.94921   -15.357548    1.0625893 
   55100    90.725748    134.94767   -15.356014    1.0626419 
   55200    90.724715    134.94614   -15.354477    1.0626947 
   55300    90.723679     134.9446   -15.352937    1.0627476 
   55400    90.722642    134.94305   -15.351393    1.0628007 
   55500    90.721602    134.94151   -15.349847    1.0628539 
   55600    90.720561    134.93996   -15.348298    1.0629073 
   55700    90.719517    134.93841   -15.346745    1.0629608 
   55800    90.718471    134.93685   -15.345189    1.0630145 
   55900    90.717423    134.93529   -15.343631    1.0630683 
   56000    90.716373    134.93373   -15.342069    1.0631223 
   56100    90.715321    134.93217   -15.340504    1.0631764 
   56200    90.714267     134.9306   -15.338936    1.0632307 
   56300     90.71321    134.92903   -15.337365    1.0632851 
   56400    90.712152    134.92745   -15.335791    1.0633397 
   56500    90.711092    134.92587   -15.334213    1.0633944 
   56600    90.710029    134.92429   -15.332633    1.0634492 
   56700    90.708964    134.92271   -15.331049    1.0635042 
   56800    90.707898    134.92112   -15.329463    1.0635594 
   56900    90.706829    134.91953   -15.327873    1.0636147 
   57000    90.705758    134.91794    -15.32628    1.0636702 
   57100    90.704685    134.91635   -15.324684    1.0637258 
   57200     90.70361    134.91475   -15.323085    1.0637815 
   57300    90.702533    134.91314   -15.321483    1.0638374 
   57400    90.701454    134.91154   -15.319878    1.0638935 
   57500    90.700372    134.90993   -15.318269    1.0639497 
   57600    90.699289    134.90832   -15.316658     1.064006 
   57700    90.698204     134.9067   -15.315043    1.0640625 
   57800    90.697116    134.90509   -15.313426    1.0641192 
   57900    90.696026    134.90347   -15.311805     1.064176 
   58000    90.694935    134.90184   -15.310181    1.0642329 
   58100    90.693841    134.90022   -15.308554      1.06429 
   58200    90.692745    134.89858   -15.306924    1.0643472 
   58300    90.691647    134.89695   -15.305291    1.0644046 
   58400    90.690547    134.89532   -15.303707    1.0644609 
   58500    90.689445    134.89368   -15.302067    1.0645185 
   58600     90.68834    134.89203   -15.300425    1.0645764 
   58700    90.687234    134.89039   -15.298779    1.0646343 
   58800    90.686126    134.88874   -15.297131    1.0646924 
   58900    90.685015    134.88709   -15.295479    1.0647507 
   59000    90.683903    134.88543   -15.293824    1.0648091 
   59100    90.682788    134.88377   -15.292166    1.0648676 
   59200    90.681671    134.88211   -15.290505    1.0649263 
   59300    90.680552    134.88045   -15.288841    1.0649852 
   59400    90.679432    134.87878   -15.287174    1.0650442 
   59500    90.678309    134.87711   -15.285503    1.0651033 
   59600    90.677183    134.87544    -15.28383    1.0651626 
   59700    90.676056    134.87376   -15.282153     1.065222 
   59800    90.674927    134.87208   -15.280474    1.0652816 
   59900    90.673796     134.8704   -15.278843    1.0653401 
   60000    90.672662    134.86871   -15.277157    1.0653999 
   60100    90.671527    134.86702   -15.275468    1.0654599 
   60200    90.670389    134.86533   -15.273776    1.0655201 
   60300     90.66925    134.86364   -15.272081    1.0655804 
   60400    90.668108    134.86194   -15.270383    1.0656408 
   60500    90.666964    134.86024   -15.268682    1.0657014 
   60600    90.665818    134.85853    -15.26703    1.0657609 
   60700     90.66467    134.85683   -15.265322    1.0658218 
   60800     90.66352    134.85512   -15.263611    1.0658828 
   60900    90.662368     134.8534   -15.261898     1.065944 
   61000    90.661214    134.85168   -15.260181    1.0660053 
   61100    90.660058    134.84996   -15.258461    1.0660668 
   61200    90.658899    134.84824   -15.256738    1.0661284 
   61300    90.657739    134.84652   -15.255012    1.0661901 
   61400    90.656576    134.84479   -15.253283     1.066252 
   61500    90.655412    134.84305   -15.251551     1.066314 
   61600    90.654245    134.84132   -15.249815    1.0663762 
   61700    90.653076    134.83958   -15.248077    1.0664385 
   61800    90.651905    134.83784   -15.246336     1.066501 
   61900    90.650733    134.83609   -15.244591    1.0665636 
   62000    90.649558    134.83435   -15.242843    1.0666263 
   62100    90.648381     134.8326   -15.241093    1.0666892 
   62200    90.647202    134.83084   -15.239339    1.0667522 
   62300     90.64602    134.82909   -15.237582    1.0668154 
   62400    90.644837    134.82733   -15.235822    1.0668787 
   62500    90.643652    134.82556   -15.234059    1.0669422 
   62600    90.642465     134.8238   -15.232293    1.0670058 
   62700    90.641275    134.82203   -15.230524    1.0670695 
   62800    90.640084    134.82026   -15.228751    1.0671334 
   62900     90.63889    134.81848   -15.226976    1.0671974 
   63000    90.637694     134.8167   -15.225198    1.0672616 
   63100    90.636497    134.81492   -15.223416    1.0673259 
   63200    90.635297    134.81314   -15.221632    1.0673904 
   63300    90.634095    134.81135   -15.219844     1.067455 
   63400    90.632891    134.80956   -15.218053    1.0675197 
   63500    90.631685    134.80776    -15.21626    1.0675846 
   63600    90.630477    134.80597   -15.214463    1.0676496 
   63700    90.629267    134.80417   -15.212663    1.0677148 
   63800    90.628055    134.80236    -15.21086    1.0677801 
   63900    90.626841    134.80056   -15.209054    1.0678455 
   64000    90.625625    134.79875   -15.207245    1.0679111 
   64100    90.624406    134.79694   -15.205433    1.0679768 
   64200    90.623186    134.79512   -15.203618    1.0680426 
   64300    90.621964     134.7933   -15.201799    1.0681086 
   64400    90.620739    134.79148   -15.199978    1.0681748 
   64500    90.619513    134.78966   -15.198154    1.0682411 
   64600    90.618284    134.78783   -15.196327    1.0683075 
   64700    90.617054      134.786   -15.194496     1.068374 
   64800    90.615821    134.78417   -15.192663    1.0684407 
   64900    90.614586    134.78233   -15.190826    1.0685075 
   65000     90.61335    134.78049   -15.188987    1.0685745 
   65100    90.612111    134.77865   -15.187144    1.0686416 
   65200     90.61087     134.7768   -15.185298    1.0687089 
   65300    90.609627    134.77495    -15.18345    1.0687762 
   65400    90.608382     134.7731   -15.181598    1.0688438 
   65500    90.607135    134.77125   -15.179743    1.0689114 
   65600    90.605886    134.76939   -15.177886    1.0689792 
   65700    90.604635    134.76753   -15.176025    1.0690472 
   65800    90.603382    134.76566   -15.174161    1.0691152 
   65900    90.602127     134.7638   -15.172294    1.0691834 
   66000     90.60087    134.76193   -15.170424    1.0692518 
   66100    90.599611    134.76006   -15.168552    1.0693203 
   66200     90.59835    134.75818   -15.166676    1.0693889 
   66300    90.597087     134.7563   -15.164797    1.0694576 
   66400    90.595822    134.75442   -15.162915    1.0695265 
   66500    90.594554    134.75253    -15.16103    1.0695955 
   66600    90.593285    134.75065   -15.159142    1.0696647 
   66700    90.592014    134.74875   -15.157251     1.069734 
   66800     90.59074    134.74686   -15.155357    1.0698034 
   66900    90.589465    134.74496    -15.15346     1.069873 
   67000    90.588188    134.74306    -15.15156    1.0699427 
   67100    90.586908    134.74116   -15.149657    1.0700125 
   67200    90.585627    134.73926   -15.147751    1.0700825 
   67300    90.584344    134.73735   -15.145842    1.0701526 
   67400    90.583058    134.73543   -15.143931    1.0702228 
   67500    90.581771    134.73352   -15.142016    1.0702932 
   67600    90.580482     134.7316   -15.140098    1.0703637 
   67700     90.57919    134.72968   -15.138177    1.0704343 
   67800    90.577897    134.72776   -15.136253    1.0705051 
   67900    90.576601    134.72583   -15.134326     1.070576 
   68000    90.575304     134.7239   -15.132396     1.070647 
   68100    90.574004    134.72197   -15.130464    1.0707182 
   68200    90.572703    134.72003    -15.12858    1.0707883 
   68300      90.5714    134.71809   -15.126642    1.0708597 
   68400    90.570094    134.71615     -15.1247    1.0709312 
   68500    90.568787    134.71421   -15.122755    1.0710029 
   68600    90.567478    134.71226   -15.120755     1.071076 
   68700    90.566166    134.71031   -15.118805     1.071148 
   68800    90.564853    134.70836   -15.116851      1.07122 
   68900    90.563538     134.7064   -15.114895    1.0712923 
   69000     90.56222    134.70444   -15.112936    1.0713646 
   69100    90.560901    134.70248   -15.110973    1.0714371 
   69200     90.55958    134.70051   -15.109008    1.0715097 
   69300    90.558257    134.69854    -15.10704    1.0715824 
   69400    90.556931    134.69657   -15.105069    1.0716553 
   69500    90.555604     134.6946   -15.103095    1.0717283 
   69600    90.554275    134.69262   -15.101118    1.0718014 
   69700    90.552944    134.69064   -15.099138    1.0718746 
   69800    90.551611    134.68866   -15.097155     1.071948 
   69900    90.550276    134.68667   -15.095169    1.0720215 
   70000    90.548939    134.68468    -15.09318    1.0720952 
   70100      90.5476    134.68269   -15.091189    1.0721689 
   70200    90.546259     134.6807   -15.089194    1.0722428 
   70300    90.544916     134.6787   -15.087197    1.0723168 
   70400    90.543571     134.6767   -15.085197     1.072391 
   70500    90.542225     134.6747   -15.083194    1.0724652 
   70600    90.540876    134.67269   -15.081188    1.0725396 
   70700    90.539525    134.67068   -15.079179    1.0726141 
   70800    90.538173    134.66867   -15.077167    1.0726888 
   70900    90.536818    134.66666   -15.075152    1.0727636 
   71000    90.535462    134.66464   -15.073135    1.0728385 
   71100    90.534104    134.66262   -15.071114    1.0729135 
   71200    90.532743    134.66059   -15.069091    1.0729886 
   71300    90.531381    134.65857   -15.067065    1.0730639 
   71400    90.530017    134.65654   -15.065036    1.0731393 
   71500    90.528651    134.65451   -15.063004    1.0732148 
   71600    90.527283    134.65247   -15.060969    1.0732904 
   71700    90.525913    134.65044   -15.058931    1.0733662 
   71800    90.524541    134.64839   -15.056891    1.0734421 
   71900    90.523168    134.64635   -15.054848    1.0735181 
   72000    90.521792    134.64431   -15.052801    1.0735942 
   72100    90.520414    134.64226   -15.050752    1.0736705 
   72200    90.519035     134.6402   -15.048648    1.0737481 
   72300    90.517654    134.63815   -15.046594    1.0738246 
   72400     90.51627    134.63609   -15.044536    1.0739012 
   72500    90.514885    134.63403   -15.042476    1.0739779 
   72600    90.513498    134.63197   -15.040413    1.0740548 
   72700    90.512109     134.6299   -15.038347    1.0741318 
   72800    90.510719    134.62783   -15.036278    1.0742089 
   72900    90.509326    134.62576   -15.034207    1.0742861 
   73000    90.507932    134.62369   -15.032133    1.0743634 
   73100    90.506535    134.62161   -15.030056    1.0744409 
   73200    90.505137    134.61953   -15.027976    1.0745185 
   73300    90.503737    134.61745   -15.025893    1.0745961 
   73400    90.502335    134.61536   -15.023808    1.0746739 
   73500    90.500931    134.61328    -15.02172    1.0747519 
   73600    90.499525    134.61119   -15.019629    1.0748299 
   73700    90.498118    134.60909   -15.017535    1.0749081 
   73800    90.496708      134.607   -15.015439    1.0749864 
   73900    90.495297     134.6049    -15.01334    1.0750647 
   74000    90.493884    134.60279   -15.011238    1.0751433 
   74100    90.492469    134.60069   -15.009133    1.0752219 
   74200    90.491052    134.59858   -15.007026    1.0753006 
   74300    90.489633    134.59647   -15.004916    1.0753795 
   74400    90.488213    134.59436   -15.002803    1.0754584 
   74500    90.486791    134.59224   -15.000687    1.0755375 
   74600    90.485367    134.59013   -14.998569    1.0756167 
   74700    90.483941      134.588   -14.996448     1.075696 
   74800    90.482513    134.58588   -14.994325    1.0757755 
   74900    90.481083    134.58375   -14.992198     1.075855 
   75000    90.479652    134.58163   -14.990069    1.0759346 
   75100    90.478219    134.57949   -14.987937    1.0760144 
   75200    90.476784    134.57736   -14.985803    1.0760943 
   75300    90.475347    134.57522   -14.983666    1.0761743 
   75400    90.473909    134.57308   -14.981526    1.0762544 
   75500    90.472468    134.57094   -14.979384    1.0763346 
   75600    90.471026    134.56879   -14.977239    1.0764149 
   75700    90.469582    134.56665   -14.975091    1.0764953 
   75800    90.468136     134.5645   -14.972941    1.0765758 
   75900    90.466689    134.56234   -14.970788    1.0766565 
   76000     90.46524    134.56019   -14.968632    1.0767372 
   76100    90.463789    134.55803   -14.966474    1.0768181 
   76200    90.462336    134.55587   -14.964313    1.0768991 
   76300    90.460881    134.55371   -14.962149    1.0769801 
   76400    90.459425    134.55154   -14.959983    1.0770613 
   76500    90.457967    134.54937   -14.957814    1.0771426 
   76600    90.456507     134.5472   -14.955643     1.077224 
   76700    90.455046    134.54503   -14.953469    1.0773055 
   76800    90.453583    134.54285   -14.951293    1.0773871 
   76900    90.452118    134.54067   -14.949114    1.0774688 
   77000    90.450651    134.53849   -14.946932    1.0775506 
   77100    90.449182     134.5363   -14.944748    1.0776326 
   77200    90.447712    134.53412   -14.942561    1.0777146 
   77300     90.44624    134.53193   -14.940372    1.0777967 
   77400    90.444767    134.52974    -14.93818     1.077879 
   77500    90.443291    134.52754   -14.935986    1.0779613 
   77600    90.441815    134.52534   -14.933789    1.0780437 
   77700    90.440336    134.52315   -14.931589    1.0781263 
   77800    90.438855    134.52094   -14.929387    1.0782089 
   77900    90.437373    134.51874   -14.927183    1.0782917 
   78000     90.43589    134.51653   -14.924976    1.0783745 
   78100    90.434404    134.51432   -14.922766    1.0784574 
   78200    90.432917    134.51211   -14.920554    1.0785405 
   78300    90.431428     134.5099    -14.91834    1.0786236 
   78400    90.429938    134.50768   -14.916123    1.0787069 
   78500    90.428446    134.50546   -14.913904    1.0787902 
   78600    90.426952    134.50324   -14.911682    1.0788736 
   78700    90.425457    134.50101   -14.909457    1.0789572 
   78800    90.423959    134.49879   -14.907231    1.0790408 
   78900    90.422461    134.49656   -14.905002    1.0791245 
   79000     90.42096    134.49433    -14.90277    1.0792084 
   79100    90.419459    134.49209   -14.900536    1.0792923 
   79200    90.417955    134.48986   -14.898299    1.0793763 
   79300     90.41645    134.48762    -14.89606    1.0794604 
   79400    90.414943    134.48538   -14.893819    1.0795446 
   79500    90.413434    134.48313   -14.891576    1.0796289 
   79600    90.411924    134.48089   -14.889329    1.0797133 
   79700    90.410413    134.47864   -14.887081    1.0797978 
   79800      90.4089    134.47639   -14.884883    1.0798812 
   79900    90.407385    134.47413   -14.882629    1.0799658 
   80000    90.405868    134.47188   -14.880374    1.0800506 
   80100     90.40435    134.46962   -14.878116    1.0801355 
   80200    90.402831    134.46736   -14.875856    1.0802204 
   80300     90.40131     134.4651   -14.873593    1.0803054 
   80400    90.399787    134.46283   -14.871328    1.0803906 
   80500    90.398263    134.46057   -14.869061    1.0804758 
   80600    90.396737     134.4583   -14.866792    1.0805611 
   80700     90.39521    134.45602    -14.86452    1.0806465 
   80800    90.393681    134.45375   -14.862246     1.080732 
   80900     90.39215    134.45147   -14.859969    1.0808175 
   81000    90.390618    134.44919   -14.857691    1.0809032 
   81100    90.389085    134.44691    -14.85541    1.0809889 
   81200     90.38755    134.44463   -14.853127    1.0810747 
   81300    90.386013    134.44235   -14.850841    1.0811607 
   81400    90.384475    134.44006   -14.848554    1.0812467 
   81500    90.382936    134.43777   -14.846264    1.0813327 
   81600    90.381395    134.43548   -14.843972    1.0814189 
   81700    90.379853    134.43318   -14.841677    1.0815052 
   81800    90.378309    134.43088   -14.839381    1.0815915 
   81900    90.376763    134.42859   -14.837082    1.0816779 
   82000    90.375216    134.42629   -14.834781    1.0817644 
   82100    90.373668    134.42398   -14.832478     1.081851 
   82200    90.372118    134.42168   -14.830173    1.0819376 
   82300    90.370567    134.41937   -14.827866    1.0820244 
   82400    90.369014    134.41706   -14.825556    1.0821112 
   82500     90.36746    134.41475   -14.823244    1.0821981 
   82600    90.365904    134.41243    -14.82093    1.0822851 
   82700    90.364347    134.41012   -14.818614    1.0823721 
   82800    90.362789     134.4078   -14.816296    1.0824592 
   82900    90.361229    134.40548   -14.813976    1.0825465 
   83000    90.359668    134.40316   -14.811654    1.0826337 
   83100    90.358105    134.40083    -14.80933    1.0827211 
   83200    90.356541    134.39851   -14.807003    1.0828085 
   83300    90.354976    134.39618   -14.804675    1.0828961 
   83400    90.353409    134.39385   -14.802344    1.0829836 
   83500     90.35184    134.39152   -14.800012    1.0830713 
   83600    90.350271    134.38918   -14.797677     1.083159 
   83700      90.3487    134.38684    -14.79534    1.0832468 
   83800    90.347128    134.38451   -14.793002    1.0833347 
   83900    90.345554    134.38216   -14.790661    1.0834227 
   84000    90.343979    134.37982   -14.788318    1.0835107 
   84100    90.342403    134.37748   -14.785974    1.0835988 
   84200    90.340825    134.37513   -14.783627    1.0836869 
   84300    90.339246    134.37278   -14.781278    1.0837752 
   84400    90.337666    134.37043   -14.778928    1.0838635 
   84500    90.336084    134.36808   -14.776575    1.0839518 
   84600    90.334501    134.36572   -14.774221    1.0840403 
   84700    90.332917    134.36337   -14.771865    1.0841288 
   84800    90.331332    134.36101   -14.769506    1.0842173 
   84900    90.329745    134.35865   -14.767146     1.084306 
   85000    90.328157    134.35629   -14.764784    1.0843947 
   85100    90.326568    134.35392    -14.76242    1.0844834 
   85200    90.324977    134.35156   -14.760054    1.0845722 
   85300    90.323385    134.34919   -14.757634    1.0846624 
   85400    90.321792    134.34682   -14.755265    1.0847513 
   85500    90.320198    134.34445   -14.752893    1.0848403 
   85600    90.318602    134.34208    -14.75052    1.0849294 
   85700    90.317006     134.3397   -14.748145    1.0850185 
   85800    90.315408    134.33732   -14.745768    1.0851077 
   85900    90.313809    134.33495    -14.74339     1.085197 
   86000    90.312208    134.33257   -14.741009    1.0852863 
   86100    90.310607    134.33018   -14.738627    1.0853757 
   86200    90.309004     134.3278   -14.736243    1.0854651 
   86300      90.3074    134.32541   -14.733858    1.0855546 
   86400    90.305795    134.32303    -14.73147    1.0856442 
   86500    90.304189    134.32064   -14.729081    1.0857338 
   86600    90.302581    134.31825    -14.72669    1.0858234 
   86700    90.300973    134.31585   -14.724298    1.0859131 
   86800    90.299363    134.31346   -14.721903    1.0860029 
   86900    90.297752    134.31106   -14.719507    1.0860927 
   87000    90.296141    134.30867    -14.71711    1.0861826 
   87100    90.294528    134.30627    -14.71471    1.0862725 
   87200    90.292913    134.30387    -14.71231    1.0863625 
   87300    90.291298    134.30146   -14.709907    1.0864525 
   87400    90.289682    134.29906   -14.707503    1.0865426 
   87500    90.288064    134.29665   -14.705097    1.0866327 
   87600    90.286446    134.29425    -14.70269    1.0867229 
   87700    90.284826    134.29184   -14.700281    1.0868131 
   87800    90.283206    134.28943    -14.69787    1.0869034 
   87900    90.281584    134.28701   -14.695458    1.0869937 
   88000    90.279961     134.2846   -14.693045     1.087084 
   88100    90.278338    134.28219   -14.690629    1.0871745 
   88200    90.276713    134.27977   -14.688213    1.0872649 
   88300    90.275087    134.27735   -14.685794    1.0873554 
   88400     90.27346    134.27493   -14.683375     1.087446 
   88500    90.271833    134.27251   -14.680953    1.0875365 
   88600    90.270204    134.27009   -14.678531    1.0876272 
   88700    90.268574    134.26766   -14.676107    1.0877178 
   88800    90.266943    134.26524   -14.673681    1.0878085 
   88900    90.265312    134.26281   -14.671306    1.0878981 
   89000    90.263679    134.26038   -14.668878    1.0879888 
   89100    90.262045    134.25795   -14.666448    1.0880797 
   89200    90.260411    134.25552   -14.664017    1.0881705 
   89300    90.258775    134.25309   -14.661584    1.0882614 
   89400    90.257139    134.25065    -14.65915    1.0883524 
   89500    90.255502    134.24822   -14.656715    1.0884433 
   89600    90.253863    134.24578   -14.654278    1.0885344 
   89700    90.252224    134.24334    -14.65184    1.0886254 
   89800    90.250584     134.2409   -14.649401    1.0887165 
   89900    90.248943    134.23846    -14.64696    1.0888076 
   90000    90.247302    134.23602   -14.644518    1.0888987 
   90100    90.245659    134.23358   -14.642075    1.0889899 
   90200    90.244016    134.23113    -14.63963    1.0890811 
   90300    90.242371    134.22869   -14.637185    1.0891723 
   90400    90.240726    134.22624   -14.634738    1.0892636 
   90500     90.23908    134.22379   -14.632289    1.0893549 
   90600    90.237433    134.22134    -14.62984    1.0894462 
   90700    90.235786    134.21889   -14.627389    1.0895376 
   90800    90.234138    134.21644   -14.624937     1.089629 
   90900    90.232488    134.21399   -14.622484    1.0897204 
   91000    90.230838    134.21153    -14.62003    1.0898118 
   91100    90.229188    134.20908   -14.617575    1.0899032 
   91200    90.227536    134.20662   -14.615118    1.0899947 
   91300    90.225884    134.20416   -14.612661    1.0900862 
   91400    90.224231    134.20171   -14.610202    1.0901777 
   91500    90.222577    134.19925   -14.607743    1.0902693 
   91600    90.220923    134.19679   -14.605282    1.0903608 
   91700    90.219268    134.19432    -14.60282    1.0904524 
   91800    90.217612    134.19186   -14.600357     1.090544 
   91900    90.215956     134.1894   -14.597893    1.0906356 
   92000    90.214298    134.18693   -14.595428    1.0907273 
   92100     90.21264    134.18447   -14.592962    1.0908189 
   92200    90.210982      134.182   -14.590495    1.0909106 
   92300    90.209323    134.17953   -14.588027    1.0910023 
   92400    90.207663    134.17706   -14.585558     1.091094 
   92500    90.206002    134.17459   -14.583089    1.0911857 
   92600    90.204341    134.17212   -14.580618    1.0912774 
   92700     90.20268    134.16965   -14.578146    1.0913691 
   92800    90.201017    134.16718   -14.575674    1.0914609 
   92900    90.199354     134.1647     -14.5732    1.0915526 
   93000    90.197691    134.16223   -14.570726    1.0916444 
   93100    90.196027    134.15975   -14.568251    1.0917362 
   93200    90.194362    134.15728   -14.565722    1.0918292 
   93300    90.192697     134.1548   -14.563246     1.091921 
   93400    90.191031    134.15232   -14.560768    1.0920128 
   93500    90.189365    134.14985   -14.558289    1.0921046 
   93600    90.187698    134.14737    -14.55581    1.0921964 
   93700    90.186031    134.14489    -14.55333    1.0922882 
   93800    90.184363    134.14241    -14.55085      1.09238 
   93900    90.182695    134.13992   -14.548368    1.0924719 
   94000    90.181026    134.13744   -14.545886    1.0925637 
   94100    90.179357    134.13496   -14.543403    1.0926555 
   94200    90.177687    134.13248    -14.54092    1.0927473 
   94300    90.176017    134.12999   -14.538435    1.0928392 
   94400    90.174347    134.12751   -14.535951     1.092931 
   94500    90.172676    134.12502   -14.533465    1.0930228 
   94600    90.171004    134.12254   -14.530979    1.0931146 
   94700    90.169332    134.12005   -14.528492    1.0932064 
   94800     90.16766    134.11756   -14.526005    1.0932982 
   94900    90.165988    134.11507   -14.523517      1.09339 
   95000    90.164315    134.11258   -14.521029    1.0934818 
   95100    90.162641     134.1101    -14.51854    1.0935736 
   95200    90.160968    134.10761    -14.51605    1.0936654 
   95300    90.159293    134.10512    -14.51356    1.0937572 
   95400    90.157619    134.10263    -14.51107    1.0938489 
   95500    90.155944    134.10013   -14.508579    1.0939407 
   95600    90.154269    134.09764   -14.506087    1.0940324 
   95700    90.152594    134.09515   -14.503595    1.0941242 
   95800    90.150918    134.09266   -14.501103    1.0942159 
   95900    90.149243    134.09017    -14.49861    1.0943076 
   96000    90.147566    134.08767   -14.496117    1.0943993 
   96100     90.14589    134.08518   -14.493623    1.0944909 
   96200    90.144213    134.08269   -14.491129    1.0945826 
   96300    90.142536    134.08019   -14.488635    1.0946742 
   96400    90.140859     134.0777   -14.486141    1.0947658 
   96500    90.139182     134.0752   -14.483646    1.0948574 
   96600    90.137504    134.07271    -14.48115     1.094949 
   96700    90.135827    134.07021   -14.478655    1.0950406 
   96800    90.134149    134.06772   -14.476159    1.0951321 
   96900    90.132471    134.06522   -14.473663    1.0952236 
   97000    90.130792    134.06272   -14.471167    1.0953151 
   97100    90.129114    134.06023   -14.468671    1.0954066 
   97200    90.127436    134.05773   -14.466174     1.095498 
   97300    90.125757    134.05523   -14.463677    1.0955894 
   97400    90.124078    134.05274    -14.46118    1.0956808 
   97500    90.122399    134.05024   -14.458683    1.0957722 
   97600     90.12072    134.04774   -14.456186    1.0958635 
   97700    90.119041    134.04524   -14.453688    1.0959548 
   97800    90.117362    134.04275   -14.451191    1.0960461 
   97900    90.115683    134.04025   -14.448693    1.0961373 
   98000    90.114004    134.03775   -14.446196    1.0962286 
   98100    90.112325    134.03525   -14.443698    1.0963197 
   98200    90.110646    134.03276     -14.4412    1.0964109 
   98300    90.108967    134.03026   -14.438703     1.096502 
   98400    90.107287    134.02776   -14.436205    1.0965931 
   98500    90.105608    134.02526   -14.433707    1.0966841 
   98600    90.103929    134.02277    -14.43121    1.0967751 
   98700     90.10225    134.02027   -14.428712     1.096866 
   98800    90.100571    134.01777   -14.426215     1.096957 
   98900    90.098892    134.01527   -14.423717    1.0970478 
   99000    90.097213    134.01278    -14.42122    1.0971387 
   99100    90.095534    134.01028   -14.418723    1.0972295 
   99200    90.093855    134.00778   -14.416226    1.0973202 
   99300    90.092177    134.00529   -14.413729     1.097411 
   99400    90.090498    134.00279   -14.411232    1.0975016 
   99500     90.08882    134.00029   -14.408736    1.0975922 
   99600    90.087142     133.9978   -14.406239    1.0976828 
   99700    90.085463     133.9953   -14.403743    1.0977733 
   99800    90.083786     133.9928   -14.401248    1.0978638 
   99900    90.082108    133.99031   -14.398752    1.0979543 
  100000     90.08043    133.98781   -14.396257    1.0980446
