#Step Temp KinEng PotEng Press 
       0           93    138.33045    -15.76389    1.0795914 
     100    92.999999    138.33045   -15.763889    1.0795626 
     200    92.999997    138.33045   -15.763885    1.0795339 
     300    92.999992    138.33044   -15.763879    1.0795054 
     400    92.999986    138.33043    -15.76387     1.079477 
     500    92.999978    138.33042   -15.763858    1.0794488 
     600    92.999969    138.33041   -15.763844    1.0794207 
     700    92.999957    138.33039   -15.763827    1.0793927 
     800    92.999944    138.33037   -15.763807    1.0793649 
     900    92.999929    138.33035   -15.763785    1.0793372 
    1000    92.999912    138.33032    -15.76376    1.0793097 
    1100    92.999894    138.33029   -15.763732    1.0792824 
    1200    92.999873    138.33026   -15.763702    1.0792551 
    1300    92.999851    138.33023   -15.763669    1.0792281 
    1400    92.999828     138.3302   -15.763633    1.0792011 
    1500    92.999802    138.33016   -15.763595    1.0791744 
    1600    92.999774    138.33012   -15.763555    1.0791477 
    1700    92.999745    138.33007   -15.763511    1.0791212 
    1800    92.999714    138.33003   -15.763465    1.0790949 
    1900    92.999681    138.32998   -15.763416    1.0790687 
    2000    92.999647    138.32993   -15.763365    1.0790426 
    2100    92.999611    138.32987   -15.763311    1.0790167 
    2200    92.999572    138.32982   -15.763254     1.078991 
    2300    92.999533    138.32976   -15.763195    1.0789653 
    2400    92.999491    138.32969   -15.763133    1.0789399 
    2500    92.999448    138.32963   -15.763068    1.0789145 
    2600    92.999402    138.32956   -15.763001    1.0788894 
    2700    92.999355    138.32949   -15.762931    1.0788643 
    2800    92.999307    138.32942   -15.762859    1.0788395 
    2900    92.999256    138.32935   -15.762783    1.0788147 
    3000    92.999204    138.32927   -15.762706    1.0787901 
    3100     92.99915    138.32919   -15.762625    1.0787657 
    3200    92.999094     138.3291   -15.762542    1.0787414 
    3300    92.999036    138.32902   -15.762456    1.0787172 
    3400    92.998977    138.32893   -15.762368    1.0786932 
    3500    92.998915    138.32884   -15.762277    1.0786693 
    3600    92.998852    138.32875   -15.762183    1.0786456 
    3700    92.998788    138.32865   -15.762087    1.0786221 
    3800    92.998721    138.32855   -15.761988    1.0785986 
    3900    92.998653    138.32845   -15.761886    1.0785754 
    4000    92.998583    138.32834   -15.761782    1.0785522 
    4100    92.998511    138.32824   -15.761675    1.0785292 
    4200    92.998437    138.32813   -15.761566    1.0785064 
    4300    92.998362    138.32802   -15.761453    1.0784837 
    4400    92.998285     138.3279   -15.761339    1.0784612 
    4500    92.998206    138.32778   -15.761221    1.0784388 
    4600    92.998125    138.32766   -15.761101    1.0784165 
    4700    92.998042    138.32754   -15.760978    1.0783944 
    4800    92.997958    138.32741   -15.760853    1.0783724 
    4900    92.997872    138.32729   -15.760725    1.0783506 
    5000    92.997784    138.32716   -15.760594    1.0783289 
    5100    92.997695    138.32702   -15.760461    1.0783074 
    5200    92.997603    138.32689   -15.760325     1.078286 
    5300     92.99751    138.32675   -15.760186    1.0782648 
    5400    92.997415    138.32661   -15.760045    1.0782437 
    5500    92.997318    138.32646   -15.759901    1.0782228 
    5600     92.99722    138.32632   -15.759755     1.078202 
    5700    92.997119    138.32617   -15.759605    1.0781813 
    5800    92.997017    138.32602   -15.759454    1.0781608 
    5900    92.996914    138.32586   -15.759299    1.0781405 
    6000    92.996808     138.3257   -15.759142    1.0781203 
    6100    92.996701    138.32554   -15.758982    1.0781002 
    6200    92.996591    138.32538    -15.75882    1.0780803 
    6300     92.99648    138.32522   -15.758655    1.0780605 
    6400    92.996368    138.32505   -15.758487    1.0780409 
    6500    92.996253    138.32488   -15.758317    1.0780214 
    6600    92.996137    138.32471   -15.758144    1.0780021 
    6700    92.996019    138.32453   -15.757968    1.0779829 
    6800    92.995899    138.32435    -15.75779    1.0779639 
    6900    92.995777    138.32417   -15.757609     1.077945 
    7000    92.995654    138.32399   -15.757425    1.0779262 
    7100    92.995529     138.3238   -15.757239    1.0779076 
    7200    92.995402    138.32361    -15.75705    1.0778892 
    7300    92.995273    138.32342   -15.756859    1.0778709 
    7400    92.995142    138.32323   -15.756665    1.0778527 
    7500     92.99501    138.32303   -15.756468    1.0778347 
    7600    92.994876    138.32283   -15.756269    1.0778168 
    7700     92.99474    138.32263   -15.756066    1.0777991 
    7800    92.994603    138.32242   -15.755862    1.0777815 
    7900    92.994463    138.32222   -15.755654    1.0777641 
    8000    92.994322    138.32201   -15.755444    1.0777468 
    8100    92.994179    138.32179   -15.755232    1.0777297 
    8200    92.994034    138.32158   -15.755016    1.0777127 
    8300    92.993888    138.32136   -15.754798    1.0776959 
    8400    92.993739    138.32114   -15.754578    1.0776792 
    8500    92.993589    138.32092   -15.754354    1.0776626 
    8600    92.993437    138.32069   -15.754128    1.0776462 
    8700    92.993284    138.32046     -15.7539      1.07763 
    8800    92.993128    138.32023   -15.753669    1.0776139 
    8900    92.992971       138.32   -15.753435    1.0775979 
    9000    92.992812    138.31976   -15.753198    1.0775821 
    9100    92.992651    138.31952   -15.752959    1.0775664 
    9200    92.992488    138.31928    -15.75277    1.0775497 
    9300    92.992324    138.31903   -15.752525    1.0775343 
    9400    92.992158    138.31879   -15.752278     1.077519 
    9500     92.99199    138.31854   -15.752028     1.077504 
    9600     92.99182    138.31829   -15.751776     1.077489 
    9700    92.991649    138.31803   -15.751521    1.0774742 
    9800    92.991475    138.31777   -15.751263    1.0774596 
    9900      92.9913    138.31751   -15.751003    1.0774451 
   10000    92.991124    138.31725   -15.750739    1.0774308 
   10100    92.990945    138.31698   -15.750474    1.0774165 
   10200    92.990764    138.31671   -15.750205    1.0774025 
   10300    92.990582    138.31644   -15.749934    1.0773886 
   10400    92.990398    138.31617   -15.749661    1.0773748 
   10500    92.990212    138.31589   -15.749384    1.0773612 
   10600    92.990025    138.31561   -15.749105    1.0773477 
   10700    92.989836    138.31533   -15.748824    1.0773344 
   10800    92.989644    138.31505   -15.748539    1.0773212 
   10900    92.989451    138.31476   -15.748252    1.0773082 
   11000    92.989257    138.31447   -15.747963    1.0772953 
   11100     92.98906    138.31418    -15.74767    1.0772826 
   11200    92.988862    138.31389   -15.747376      1.07727 
   11300    92.988662    138.31359   -15.747078    1.0772576 
   11400     92.98846    138.31329   -15.746778    1.0772453 
   11500    92.988256    138.31298   -15.746475    1.0772331 
   11600    92.988051    138.31268   -15.746169    1.0772211 
   11700    92.987844    138.31237   -15.745861    1.0772093 
   11800    92.987635    138.31206    -15.74555    1.0771976 
   11900    92.987424    138.31175   -15.745236     1.077186 
   12000    92.987211    138.31143    -15.74492    1.0771746 
   12100    92.986997    138.31111   -15.744601    1.0771633 
   12200    92.986781    138.31079    -15.74428    1.0771522 
   12300    92.986563    138.31046   -15.743955    1.0771412 
   12400    92.986343    138.31014   -15.743629    1.0771304 
   12500    92.986121    138.30981   -15.743299    1.0771197 
   12600    92.985898    138.30948   -15.743019     1.077108 
   12700    92.985673    138.30914   -15.742684    1.0770976 
   12800    92.985446     138.3088   -15.742347    1.0770874 
   12900    92.985217    138.30846   -15.742006    1.0770773 
   13000    92.984987    138.30812   -15.741664    1.0770673 
   13100    92.984754    138.30778   -15.741318    1.0770575 
   13200     92.98452    138.30743    -15.74097    1.0770479 
   13300    92.984284    138.30708   -15.740619    1.0770384 
   13400    92.984046    138.30672   -15.740265     1.077029 
   13500    92.983807    138.30637   -15.739909    1.0770198 
   13600    92.983566    138.30601    -15.73955    1.0770108 
   13700    92.983323    138.30565   -15.739188    1.0770019 
   13800    92.983078    138.30528   -15.738824    1.0769931 
   13900    92.982831    138.30491   -15.738457    1.0769845 
   14000    92.982582    138.30454   -15.738088     1.076976 
   14100    92.982332    138.30417   -15.737715    1.0769677 
   14200     92.98208     138.3038    -15.73734    1.0769595 
   14300    92.981826    138.30342   -15.736963    1.0769515 
   14400     92.98157    138.30304   -15.736582    1.0769436 
   14500    92.981313    138.30266   -15.736199    1.0769359 
   14600    92.981054    138.30227   -15.735814    1.0769283 
   14700    92.980793    138.30188   -15.735425    1.0769209 
   14800     92.98053    138.30149   -15.735034    1.0769136 
   14900    92.980265     138.3011    -15.73464    1.0769065 
   15000    92.979998     138.3007   -15.734244    1.0768995 
   15100     92.97973     138.3003   -15.733845    1.0768926 
   15200     92.97946     138.2999   -15.733443    1.0768859 
   15300    92.979188     138.2995   -15.733039    1.0768794 
   15400    92.978914    138.29909   -15.732632     1.076873 
   15500    92.978639    138.29868   -15.732222    1.0768667 
   15600    92.978361    138.29827   -15.731809    1.0768606 
   15700    92.978082    138.29785   -15.731394    1.0768547 
   15800    92.977801    138.29743   -15.730976    1.0768489 
   15900    92.977519    138.29701   -15.730556    1.0768432 
   16000    92.977234    138.29659   -15.730132    1.0768377 
   16100    92.976948    138.29616   -15.729706    1.0768323 
   16200     92.97666    138.29573   -15.729278    1.0768271 
   16300     92.97637     138.2953   -15.728846     1.076822 
   16400    92.976078    138.29487   -15.728412    1.0768171 
   16500    92.975784    138.29443   -15.727976    1.0768123 
   16600    92.975489    138.29399   -15.727536    1.0768077 
   16700    92.975191    138.29355   -15.727094    1.0768032 
   16800    92.974892    138.29311   -15.726649    1.0767989 
   16900    92.974592    138.29266   -15.726202    1.0767947 
   17000    92.974289    138.29221   -15.725752    1.0767907 
   17100    92.973984    138.29176   -15.725299    1.0767868 
   17200    92.973678     138.2913   -15.724843    1.0767831 
   17300     92.97337    138.29084   -15.724385    1.0767795 
   17400     92.97306    138.29038   -15.723924     1.076776 
   17500    92.972748    138.28992    -15.72346    1.0767727 
   17600    92.972435    138.28945   -15.722994    1.0767696 
   17700    92.972119    138.28898   -15.722525    1.0767666 
   17800    92.971802    138.28851   -15.722053    1.0767637 
   17900    92.971483    138.28804   -15.721578     1.076761 
   18000    92.971162    138.28756   -15.721101    1.0767585 
   18100     92.97084    138.28708   -15.720621    1.0767561 
   18200    92.970515     138.2866   -15.720139    1.0767538 
   18300    92.970189    138.28611   -15.719653    1.0767517 
   18400    92.969861    138.28562   -15.719165    1.0767498 
   18500    92.969531    138.28513   -15.718674     1.076748 
   18600    92.969199    138.28464   -15.718181    1.0767463 
   18700    92.968866    138.28414   -15.717685    1.0767448 
   18800     92.96853    138.28364   -15.717186    1.0767434 
   18900    92.968193    138.28314   -15.716684    1.0767422 
   19000    92.967854    138.28264    -15.71618    1.0767411 
   19100    92.967513    138.28213   -15.715673    1.0767402 
   19200     92.96717    138.28162   -15.715163    1.0767394 
   19300    92.966826    138.28111   -15.714651    1.0767388 
   19400    92.966479    138.28059   -15.714136    1.0767383 
   19500    92.966131    138.28007   -15.713618     1.076738 
   19600    92.965781    138.27955   -15.713097    1.0767378 
   19700    92.965429    138.27903   -15.712574    1.0767378 
   19800    92.965076     138.2785   -15.712048    1.0767379 
   19900     92.96472    138.27798   -15.711519    1.0767382 
   20000    92.964363    138.27744   -15.710987    1.0767386 
   20100    92.964004    138.27691   -15.710453    1.0767392 
   20200    92.963643    138.27637   -15.709916    1.0767399 
   20300     92.96328    138.27583   -15.709377    1.0767408 
   20400    92.962915    138.27529   -15.708834    1.0767418 
   20500    92.962549    138.27475   -15.708289     1.076743 
   20600     92.96218     138.2742   -15.707741    1.0767443 
   20700     92.96181    138.27365    -15.70719    1.0767457 
   20800    92.961438    138.27309   -15.706637    1.0767474 
   20900    92.961064    138.27254   -15.706081    1.0767491 
   21000    92.960689    138.27198   -15.705522     1.076751 
   21100    92.960311    138.27142   -15.704961    1.0767531 
   21200    92.959932    138.27085   -15.704396    1.0767553 
   21300    92.959551    138.27029   -15.703829    1.0767577 
   21400    92.959168    138.26972    -15.70326    1.0767602 
   21500    92.958783    138.26914   -15.702687    1.0767628 
   21600    92.958396    138.26857   -15.702112    1.0767656 
   21700    92.958007    138.26799   -15.701534    1.0767686 
   21800    92.957617    138.26741   -15.700953    1.0767717 
   21900    92.957225    138.26683    -15.70037    1.0767749 
   22000    92.956831    138.26624   -15.699784    1.0767783 
   22100    92.956435    138.26565   -15.699195    1.0767819 
   22200    92.956037    138.26506   -15.698603    1.0767856 
   22300    92.955637    138.26447   -15.698009    1.0767895 
   22400    92.955236    138.26387   -15.697411    1.0767935 
   22500    92.954832    138.26327   -15.696811    1.0767976 
   22600    92.954427    138.26267   -15.696209    1.0768019 
   22700     92.95402    138.26206   -15.695603    1.0768064 
   22800    92.953611    138.26145   -15.694995     1.076811 
   22900      92.9532    138.26084   -15.694384    1.0768157 
   23000    92.952788    138.26023    -15.69377    1.0768206 
   23100    92.952373    138.25961   -15.693154    1.0768257 
   23200    92.951957    138.25899   -15.692535    1.0768309 
   23300    92.951539    138.25837   -15.691913    1.0768362 
   23400    92.951119    138.25775   -15.691288    1.0768417 
   23500    92.950697    138.25712    -15.69066    1.0768474 
   23600    92.950273    138.25649    -15.69003    1.0768532 
   23700    92.949848    138.25585   -15.689397    1.0768591 
   23800     92.94942    138.25522   -15.688761    1.0768652 
   23900    92.948991    138.25458   -15.688123    1.0768715 
   24000     92.94856    138.25394   -15.687481    1.0768779 
   24100    92.948127    138.25329   -15.686837    1.0768844 
   24200    92.947692    138.25265    -15.68619    1.0768911 
   24300    92.947255      138.252   -15.685541     1.076898 
   24400    92.946816    138.25135   -15.684888     1.076905 
   24500    92.946376    138.25069   -15.684233    1.0769121 
   24600    92.945934    138.25003   -15.683575    1.0769194 
   24700    92.945489    138.24937   -15.682914    1.0769269 
   24800    92.945043    138.24871   -15.682251    1.0769345 
   24900    92.944595    138.24804   -15.681585    1.0769422 
   25000    92.944146    138.24737   -15.680916    1.0769501 
   25100    92.943694     138.2467   -15.680244    1.0769582 
   25200     92.94324    138.24603   -15.679569    1.0769664 
   25300    92.942785    138.24535   -15.678892    1.0769747 
   25400    92.942327    138.24467   -15.678211    1.0769832 
   25500    92.941868    138.24399   -15.677528    1.0769919 
   25600    92.941407     138.2433   -15.676843    1.0770007 
   25700    92.940944    138.24261   -15.676154    1.0770096 
   25800     92.94048    138.24192   -15.675463    1.0770187 
   25900    92.940013    138.24123   -15.674769     1.077028 
   26000    92.939544    138.24053   -15.674072    1.0770374 
   26100    92.939074    138.23983   -15.673372     1.077047 
   26200    92.938601    138.23913   -15.672669    1.0770567 
   26300    92.938127    138.23842   -15.671964    1.0770665 
   26400    92.937651    138.23771   -15.671256    1.0770765 
   26500    92.937173      138.237   -15.670545    1.0770867 
   26600    92.936693    138.23629   -15.669831     1.077097 
   26700    92.936212    138.23557   -15.669115    1.0771075 
   26800    92.935728    138.23485   -15.668395    1.0771181 
   26900    92.935243    138.23413   -15.667673    1.0771289 
   27000    92.934755    138.23341   -15.666948    1.0771398 
   27100    92.934266    138.23268    -15.66622    1.0771508 
   27200    92.933775    138.23195    -15.66549    1.0771621 
   27300    92.933282    138.23121   -15.664756    1.0771734 
   27400    92.932787    138.23048    -15.66402     1.077185 
   27500     92.93229    138.22974   -15.663281    1.0771966 
   27600    92.931791      138.229   -15.662539    1.0772085 
   27700     92.93129    138.22825   -15.661795    1.0772204 
   27800    92.930788     138.2275   -15.661047    1.0772326 
   27900    92.930284    138.22675   -15.660297    1.0772448 
   28000    92.929777      138.226   -15.659544    1.0772573 
   28100    92.929269    138.22525   -15.658788    1.0772698 
   28200    92.928759    138.22449   -15.658029    1.0772826 
   28300    92.928247    138.22372   -15.657268    1.0772955 
   28400    92.927733    138.22296   -15.656503    1.0773085 
   28500    92.927217    138.22219   -15.655736    1.0773217 
   28600      92.9267    138.22142   -15.654966     1.077335 
   28700     92.92618    138.22065   -15.654193    1.0773485 
   28800    92.925658    138.21987   -15.653417    1.0773621 
   28900    92.925135     138.2191   -15.652639    1.0773759 
   29000     92.92461    138.21831   -15.651857    1.0773899 
   29100    92.924082    138.21753   -15.651073     1.077404 
   29200    92.923553    138.21674   -15.650286    1.0774182 
   29300    92.923022    138.21595   -15.649496    1.0774326 
   29400    92.922489    138.21516   -15.648704    1.0774472 
   29500    92.921954    138.21437   -15.647908    1.0774619 
   29600    92.921418    138.21357    -15.64711    1.0774767 
   29700    92.920879    138.21277   -15.646308    1.0774917 
   29800    92.920338    138.21196   -15.645504    1.0775069 
   29900    92.919796    138.21115   -15.644697    1.0775222 
   30000    92.919251    138.21034   -15.643888    1.0775377 
   30100    92.918705    138.20953   -15.643075    1.0775533 
   30200    92.918157    138.20872   -15.642259    1.0775691 
   30300    92.917607     138.2079   -15.641441     1.077585 
   30400    92.917055    138.20708    -15.64062    1.0776011 
   30500    92.916501    138.20625   -15.639796    1.0776173 
   30600    92.915945    138.20543   -15.638969    1.0776337 
   30700    92.915387     138.2046   -15.638139    1.0776502 
   30800    92.914827    138.20376   -15.637306    1.0776669 
   30900    92.914265    138.20293   -15.636471    1.0776837 
   31000    92.913702    138.20209   -15.635633    1.0777007 
   31100    92.913136    138.20125   -15.634791    1.0777178 
   31200    92.912569     138.2004   -15.633947    1.0777351 
   31300    92.911999    138.19956     -15.6331    1.0777526 
   31400    92.911428    138.19871   -15.632251    1.0777701 
   31500    92.910855    138.19785   -15.631398    1.0777879 
   31600    92.910279      138.197   -15.630542    1.0778058 
   31700    92.909702    138.19614   -15.629684    1.0778239 
   31800    92.909123    138.19528   -15.628822    1.0778421 
   31900    92.908542    138.19442   -15.627958    1.0778604 
   32000    92.907959    138.19355   -15.627091    1.0778789 
   32100    92.907374    138.19268   -15.626221    1.0778976 
   32200    92.906788    138.19181   -15.625348    1.0779164 
   32300    92.906199    138.19093   -15.624473    1.0779354 
   32400    92.905608    138.19005   -15.623594    1.0779545 
   32500    92.905015    138.18917   -15.622713    1.0779738 
   32600    92.904421    138.18829   -15.621828    1.0779932 
   32700    92.903824     138.1874   -15.620941    1.0780128 
   32800    92.903226    138.18651   -15.620051    1.0780325 
   32900    92.902626    138.18561   -15.619158    1.0780524 
   33000    92.902023    138.18472   -15.618262    1.0780725 
   33100    92.901419    138.18382   -15.617363    1.0780926 
   33200    92.900813    138.18292   -15.616461     1.078113 
   33300    92.900204    138.18201   -15.615557    1.0781335 
   33400    92.899594    138.18111   -15.614649    1.0781542 
   33500    92.898982     138.1802   -15.613739     1.078175 
   33600    92.898368    138.17928   -15.612825    1.0781959 
   33700    92.897752    138.17837   -15.611909     1.078217 
   33800    92.897134    138.17745    -15.61099    1.0782383 
   33900    92.896514    138.17652   -15.610068    1.0782597 
   34000    92.895892     138.1756   -15.609143    1.0782813 
   34100    92.895269    138.17467   -15.608215     1.078303 
   34200    92.894643    138.17374   -15.607284    1.0783249 
   34300    92.894015    138.17281    -15.60635    1.0783469 
   34400    92.893385    138.17187   -15.605414    1.0783691 
   34500    92.892754    138.17093   -15.604474    1.0783915 
   34600     92.89212    138.16999   -15.603532     1.078414 
   34700    92.891485    138.16904   -15.602586    1.0784366 
   34800    92.890847     138.1681   -15.601638    1.0784594 
   34900    92.890207    138.16714   -15.600687    1.0784824 
   35000    92.889566    138.16619   -15.599733    1.0785055 
   35100    92.888923    138.16523   -15.598776    1.0785287 
   35200    92.888277    138.16427   -15.597816    1.0785521 
   35300     92.88763    138.16331   -15.596853    1.0785757 
   35400     92.88698    138.16234   -15.595887    1.0785994 
   35500    92.886329    138.16138   -15.594918    1.0786233 
   35600    92.885676     138.1604   -15.593946    1.0786473 
   35700     92.88502    138.15943   -15.592972    1.0786715 
   35800    92.884363    138.15845   -15.591994    1.0786959 
   35900    92.883704    138.15747   -15.591013    1.0787204 
   36000    92.883043    138.15649    -15.59003     1.078745 
   36100     92.88238     138.1555   -15.589043    1.0787698 
   36200    92.881714    138.15451   -15.588054    1.0787948 
   36300    92.881047    138.15352   -15.587062    1.0788199 
   36400    92.880378    138.15252   -15.586066    1.0788451 
   36500    92.879707    138.15153   -15.585068    1.0788706 
   36600    92.879034    138.15052   -15.584067    1.0788961 
   36700    92.878359    138.14952   -15.583063    1.0789219 
   36800    92.877682    138.14851   -15.582056    1.0789477 
   36900    92.877003     138.1475   -15.581046    1.0789738 
   37000    92.876322    138.14649   -15.580033        1.079 
   37100    92.875639    138.14547   -15.579017    1.0790263 
   37200    92.874954    138.14445   -15.577998    1.0790528 
   37300    92.874267    138.14343   -15.576976    1.0790795 
   37400    92.873578    138.14241   -15.575951    1.0791063 
   37500    92.872887    138.14138   -15.574923    1.0791332 
   37600    92.872194    138.14035   -15.573892    1.0791603 
   37700    92.871499    138.13932   -15.572859    1.0791876 
   37800    92.870802    138.13828   -15.571822     1.079215 
   37900    92.870103    138.13724   -15.570782    1.0792426 
   38000    92.869402     138.1362    -15.56974    1.0792704 
   38100    92.868699    138.13515   -15.568694    1.0792982 
   38200    92.867994     138.1341   -15.567645    1.0793263 
   38300    92.867287    138.13305   -15.566594    1.0793545 
   38400    92.866578      138.132   -15.565539    1.0793828 
   38500    92.865867    138.13094   -15.564482    1.0794113 
   38600    92.865154    138.12988   -15.563421      1.07944 
   38700    92.864439    138.12881   -15.562357    1.0794688 
   38800    92.863721    138.12775   -15.561291    1.0794978 
   38900    92.863002    138.12668   -15.560221    1.0795269 
   39000    92.862281    138.12561   -15.559149    1.0795562 
   39100    92.861558    138.12453   -15.558073    1.0795856 
   39200    92.860833    138.12345   -15.556995    1.0796152 
   39300    92.860106    138.12237   -15.555913     1.079645 
   39400    92.859377    138.12129   -15.554829    1.0796749 
   39500    92.858646     138.1202   -15.553742    1.0797049 
   39600    92.857913    138.11911   -15.552651    1.0797351 
   39700    92.857178    138.11801   -15.551558    1.0797655 
   39800    92.856441    138.11692   -15.550461     1.079796 
   39900    92.855701    138.11582   -15.549362    1.0798267 
   40000     92.85496    138.11472   -15.548259    1.0798575 
   40100    92.854217    138.11361   -15.547154    1.0798885 
   40200    92.853472     138.1125   -15.546045    1.0799197 
   40300    92.852724    138.11139   -15.544934     1.079951 
   40400    92.851975    138.11028   -15.543819    1.0799824 
   40500    92.851224    138.10916   -15.542701     1.080014 
   40600     92.85047    138.10804   -15.541581    1.0800458 
   40700    92.849715    138.10691   -15.540457    1.0800777 
   40800    92.848958    138.10579   -15.539331    1.0801098 
   40900    92.848198    138.10466   -15.538201     1.080142 
   41000    92.847437    138.10353   -15.537068    1.0801744 
   41100    92.846673    138.10239   -15.535933    1.0802069 
   41200    92.845908    138.10125   -15.534794    1.0802396 
   41300     92.84514    138.10011   -15.533652    1.0802725 
   41400     92.84437    138.09896   -15.532508    1.0803055 
   41500    92.843599    138.09782    -15.53136    1.0803386 
   41600    92.842825    138.09667   -15.530209    1.0803719 
   41700    92.842049    138.09551   -15.529055    1.0804054 
   41800    92.841272    138.09436   -15.527898     1.080439 
   41900    92.840492     138.0932   -15.526738    1.0804728 
   42000     92.83971    138.09203   -15.525575    1.0805068 
   42100    92.838926    138.09087    -15.52441    1.0805408 
   42200     92.83814     138.0897    -15.52324    1.0805751 
   42300    92.837352    138.08853   -15.522068    1.0806095 
   42400    92.836562    138.08735   -15.520893    1.0806441 
   42500     92.83577    138.08617   -15.519715    1.0806788 
   42600    92.834976    138.08499   -15.518534    1.0807136 
   42700     92.83418    138.08381    -15.51735    1.0807487 
   42800    92.833381    138.08262   -15.516162    1.0807838 
   42900    92.832581    138.08143   -15.514972    1.0808192 
   43000    92.831779    138.08024   -15.513779    1.0808547 
   43100    92.830974    138.07904   -15.512582    1.0808903 
   43200    92.830168    138.07784   -15.511383    1.0809261 
   43300    92.829359    138.07664    -15.51018    1.0809621 
   43400    92.828549    138.07543   -15.508974    1.0809982 
   43500    92.827736    138.07422   -15.507766    1.0810345 
   43600    92.826922    138.07301   -15.506554    1.0810709 
   43700    92.826105     138.0718   -15.505339    1.0811075 
   43800    92.825286    138.07058   -15.504121    1.0811442 
   43900    92.824465    138.06936     -15.5029    1.0811811 
   44000    92.823642    138.06813   -15.501676    1.0812182 
   44100    92.822817    138.06691   -15.500449    1.0812554 
   44200     92.82199    138.06568   -15.499219    1.0812927 
   44300    92.821161    138.06444   -15.497986    1.0813303 
   44400     92.82033    138.06321   -15.496749    1.0813679 
   44500    92.819497    138.06197    -15.49551    1.0814058 
   44600    92.818661    138.06072   -15.494267    1.0814437 
   44700    92.817824    138.05948   -15.493022    1.0814819 
   44800    92.816984    138.05823   -15.491773    1.0815202 
   44900    92.816143    138.05698   -15.490521    1.0815586 
   45000    92.815299    138.05572   -15.489267    1.0815972 
   45100    92.814454    138.05447   -15.488009     1.081636 
   45200    92.813606     138.0532   -15.486748    1.0816749 
   45300    92.812756    138.05194   -15.485484     1.081714 
   45400    92.811904    138.05067   -15.484216    1.0817532 
   45500     92.81105     138.0494   -15.482946    1.0817926 
   45600    92.810194    138.04813   -15.481673    1.0818322 
   45700    92.809336    138.04685   -15.480396    1.0818719 
   45800    92.808476    138.04557   -15.479117    1.0819117 
   45900    92.807613    138.04429   -15.477834    1.0819517 
   46000    92.806749    138.04301   -15.476549    1.0819919 
   46100    92.805882    138.04172    -15.47526    1.0820322 
   46200    92.805014    138.04042   -15.473968    1.0820727 
   46300    92.804143    138.03913   -15.472673    1.0821133 
   46400    92.803271    138.03783   -15.471375    1.0821541 
   46500    92.802396    138.03653   -15.470073    1.0821951 
   46600    92.801519    138.03523   -15.468769    1.0822362 
   46700     92.80064    138.03392   -15.467462    1.0822774 
   46800    92.799759    138.03261   -15.466151    1.0823188 
   46900    92.798875    138.03129   -15.464837    1.0823604 
   47000     92.79799    138.02998   -15.463521    1.0824021 
   47100    92.797103    138.02866   -15.462201     1.082444 
   47200    92.796213    138.02733   -15.460878     1.082486 
   47300    92.795322    138.02601   -15.459552    1.0825282 
   47400    92.794428    138.02468   -15.458222    1.0825706 
   47500    92.793532    138.02335    -15.45689    1.0826131 
   47600    92.792635    138.02201   -15.455555    1.0826557 
   47700    92.791735    138.02067   -15.454216    1.0826986 
   47800    92.790833    138.01933   -15.452874    1.0827415 
   47900    92.789928    138.01799   -15.451529    1.0827847 
   48000    92.789022    138.01664   -15.450181    1.0828279 
   48100    92.788114    138.01529    -15.44883    1.0828714 
   48200    92.787203    138.01393   -15.447476     1.082915 
   48300    92.786291    138.01258   -15.446119    1.0829587 
   48400    92.785376    138.01122   -15.444706    1.0830039 
   48500    92.784459    138.00985   -15.443342    1.0830479 
   48600    92.783541    138.00849   -15.441976    1.0830922 
   48700     92.78262    138.00712   -15.440606    1.0831365 
   48800    92.781697    138.00574   -15.439233    1.0831811 
   48900    92.780771    138.00437   -15.437857    1.0832257 
   49000    92.779844    138.00299   -15.436477    1.0832706 
   49100    92.778915     138.0016   -15.435095    1.0833156 
   49200    92.777983    138.00022   -15.433709    1.0833607 
   49300     92.77705    137.99883   -15.432321     1.083406 
   49400    92.776114    137.99744   -15.430929    1.0834515 
   49500    92.775176    137.99604   -15.429534    1.0834971 
   49600    92.774236    137.99465   -15.428136    1.0835429 
   49700    92.773294    137.99324   -15.426734    1.0835888 
   49800     92.77235    137.99184    -15.42533    1.0836349 
   49900    92.771403    137.99043   -15.423922    1.0836812 
   50000    92.770455    137.98902   -15.422512    1.0837276 
   50100    92.769504    137.98761   -15.421098    1.0837741 
   50200    92.768552    137.98619   -15.419681    1.0838208 
   50300    92.767597    137.98477   -15.418261    1.0838677 
   50400     92.76664    137.98335   -15.416837    1.0839147 
   50500    92.765681    137.98192   -15.415411    1.0839619 
   50600     92.76472    137.98049   -15.413981    1.0840092 
   50700    92.763757    137.97906   -15.412548    1.0840567 
   50800    92.762791    137.97762   -15.411112    1.0841043 
   50900    92.761824    137.97618   -15.409673    1.0841521 
   51000    92.760854    137.97474   -15.408231    1.0842001 
   51100    92.759882     137.9733   -15.406786    1.0842482 
   51200    92.758908    137.97185   -15.405337    1.0842965 
   51300    92.757932    137.97039   -15.403885    1.0843449 
   51400    92.756954    137.96894    -15.40243    1.0843935 
   51500    92.755974    137.96748   -15.400972    1.0844422 
   51600    92.754992    137.96602   -15.399511    1.0844911 
   51700    92.754007    137.96456   -15.398047    1.0845401 
   51800    92.753021    137.96309   -15.396579    1.0845893 
   51900    92.752032    137.96162   -15.395108    1.0846386 
   52000    92.751041    137.96014   -15.393635    1.0846882 
   52100    92.750048    137.95867   -15.392158    1.0847378 
   52200    92.749053    137.95719   -15.390677    1.0847876 
   52300    92.748055     137.9557   -15.389194    1.0848376 
   52400    92.747056    137.95422   -15.387707    1.0848877 
   52500    92.746054    137.95273   -15.386218     1.084938 
   52600    92.745051    137.95123   -15.384725    1.0849884 
   52700    92.744045    137.94974   -15.383229     1.085039 
   52800    92.743037    137.94824   -15.381729    1.0850898 
   52900    92.742027    137.94674   -15.380227    1.0851407 
   53000    92.741015    137.94523   -15.378721    1.0851917 
   53100        92.74    137.94372   -15.377212    1.0852429 
   53200    92.738984    137.94221     -15.3757    1.0852943 
   53300    92.737965    137.94069   -15.374185    1.0853458 
   53400    92.736944    137.93918   -15.372667    1.0853975 
   53500    92.735921    137.93765   -15.371145    1.0854493 
   53600    92.734896    137.93613   -15.369621    1.0855013 
   53700    92.733869     137.9346   -15.368093    1.0855534 
   53800     92.73284    137.93307   -15.366562    1.0856057 
   53900    92.731808    137.93154   -15.365028    1.0856581 
   54000    92.730775       137.93    -15.36349    1.0857107 
   54100    92.729739    137.92846    -15.36195    1.0857635 
   54200    92.728701    137.92692   -15.360406    1.0858164 
   54300    92.727661    137.92537   -15.358859    1.0858694 
   54400    92.726619    137.92382   -15.357309    1.0859227 
   54500    92.725574    137.92226   -15.355755     1.085976 
   54600    92.724528    137.92071   -15.354199    1.0860295 
   54700    92.723479    137.91915   -15.352639    1.0860832 
   54800    92.722429    137.91759   -15.351076     1.086137 
   54900    92.721376    137.91602    -15.34951     1.086191 
   55000    92.720321    137.91445   -15.347941    1.0862452 
   55100    92.719263    137.91288   -15.346368    1.0862995 
   55200    92.718204     137.9113   -15.344793    1.0863539 
   55300    92.717143    137.90972   -15.343214    1.0864085 
   55400    92.716079    137.90814   -15.341632    1.0864632 
   55500    92.715013    137.90656   -15.340046    1.0865181 
   55600    92.713945    137.90497   -15.338458    1.0865732 
   55700    92.712875    137.90338   -15.336866    1.0866284 
   55800    92.711803    137.90178   -15.335272    1.0866838 
   55900    92.710729    137.90018   -15.333674    1.0867393 
   56000    92.709652    137.89858   -15.332072     1.086795 
   56100    92.708574    137.89698   -15.330468    1.0868508 
   56200    92.707493    137.89537    -15.32886    1.0869068 
   56300     92.70641    137.89376    -15.32725    1.0869629 
   56400    92.705325    137.89215   -15.325636    1.0870192 
   56500    92.704238    137.89053   -15.324018    1.0870756 
   56600    92.703148    137.88891   -15.322398    1.0871322 
   56700    92.702057    137.88728   -15.320775    1.0871889 
   56800    92.700963    137.88566   -15.319148    1.0872458 
   56900    92.699867    137.88403   -15.317518    1.0873029 
   57000    92.698769    137.88239   -15.315885      1.08736 
   57100    92.697669    137.88076   -15.314248    1.0874174 
   57200    92.696567    137.87912   -15.312609    1.0874749 
   57300    92.695463    137.87748   -15.310966    1.0875325 
   57400    92.694356    137.87583    -15.30932    1.0875903 
   57500    92.693247    137.87418   -15.307671    1.0876483 
   57600    92.692137    137.87253   -15.306019    1.0877064 
   57700    92.691024    137.87087   -15.304363    1.0877647 
   57800    92.689908    137.86921   -15.302757    1.0878218 
   57900    92.688791    137.86755   -15.301095    1.0878804 
   58000    92.687672    137.86589    -15.29943    1.0879391 
   58100     92.68655    137.86422   -15.297762     1.087998 
   58200    92.685426    137.86255   -15.296091     1.088057 
   58300    92.684301    137.86087   -15.294416    1.0881162 
   58400    92.683173     137.8592   -15.292738    1.0881755 
   58500    92.682042    137.85751   -15.291057     1.088235 
   58600     92.68091    137.85583   -15.289373    1.0882946 
   58700    92.679776    137.85414   -15.287685    1.0883544 
   58800    92.678639    137.85245   -15.285995    1.0884143 
   58900      92.6775    137.85076   -15.284301    1.0884743 
   59000    92.676359    137.84906   -15.282604    1.0885346 
   59100    92.675216    137.84736   -15.280904    1.0885949 
   59200    92.674071    137.84566   -15.279253    1.0886542 
   59300    92.672924    137.84395   -15.277546    1.0887149 
   59400    92.671774    137.84224   -15.275836    1.0887757 
   59500    92.670623    137.84053   -15.274123    1.0888367 
   59600    92.669469    137.83881   -15.272407    1.0888978 
   59700    92.668313    137.83709   -15.270688    1.0889591 
   59800    92.667155    137.83537   -15.268965    1.0890205 
   59900    92.665995    137.83364   -15.267292    1.0890809 
   60000    92.664832    137.83192   -15.265563    1.0891426 
   60100    92.663668    137.83018   -15.263831    1.0892045 
   60200    92.662501    137.82845   -15.262096    1.0892665 
   60300    92.661332    137.82671   -15.260357    1.0893287 
   60400    92.660162    137.82497   -15.258616     1.089391 
   60500    92.658988    137.82322   -15.256871    1.0894535 
   60600    92.657813    137.82148   -15.255123    1.0895161 
   60700    92.656636    137.81972   -15.253372    1.0895788 
   60800    92.655456    137.81797   -15.251617    1.0896418 
   60900    92.654275    137.81621    -15.24986    1.0897048 
   61000    92.653091    137.81445   -15.248099     1.089768 
   61100    92.651905    137.81269   -15.246335    1.0898314 
   61200    92.650717    137.81092   -15.244568    1.0898949 
   61300    92.649527    137.80915   -15.242798    1.0899586 
   61400    92.648335    137.80738   -15.241024    1.0900224 
   61500     92.64714     137.8056   -15.239247    1.0900863 
   61600    92.645944    137.80382   -15.237468    1.0901504 
   61700    92.644745    137.80204   -15.235685    1.0902147 
   61800    92.643544    137.80025   -15.233898     1.090279 
   61900    92.642341    137.79846   -15.232109    1.0903436 
   62000    92.641136    137.79667   -15.230317    1.0904083 
   62100    92.639929    137.79487   -15.228521    1.0904731 
   62200    92.638719    137.79307   -15.226722    1.0905381 
   62300    92.637508    137.79127    -15.22492    1.0906032 
   62400    92.636294    137.78947   -15.223115    1.0906685 
   62500    92.635078    137.78766   -15.221306    1.0907339 
   62600     92.63386    137.78585   -15.219495    1.0907995 
   62700     92.63264    137.78403    -15.21768    1.0908652 
   62800    92.631418    137.78221   -15.215862     1.090931 
   62900    92.630194    137.78039   -15.214041    1.0909971 
   63000    92.628967    137.77857   -15.212217    1.0910632 
   63100    92.627739    137.77674    -15.21039    1.0911295 
   63200    92.626508    137.77491   -15.208559    1.0911959 
   63300    92.625275    137.77308   -15.206725    1.0912625 
   63400    92.624041    137.77124   -15.204888    1.0913293 
   63500    92.622803     137.7694   -15.203048    1.0913961 
   63600    92.621564    137.76756   -15.201205    1.0914631 
   63700    92.620323    137.76571   -15.199359    1.0915303 
   63800     92.61908    137.76386    -15.19751    1.0915976 
   63900    92.617834    137.76201   -15.195657    1.0916651 
   64000    92.616586    137.76015   -15.193801    1.0917327 
   64100    92.615337    137.75829   -15.191942    1.0918004 
   64200    92.614085    137.75643    -15.19008    1.0918683 
   64300    92.612831    137.75457   -15.188215    1.0919363 
   64400    92.611575     137.7527   -15.186347    1.0920045 
   64500    92.610317    137.75083   -15.184475    1.0920728 
   64600    92.609056    137.74895   -15.182601    1.0921413 
   64700    92.607794    137.74708   -15.180723    1.0922099 
   64800    92.606529    137.74519   -15.178842    1.0922786 
   64900    92.605263    137.74331   -15.176958    1.0923475 
   65000    92.603994    137.74142   -15.175071    1.0924165 
   65100    92.602723    137.73953   -15.173181    1.0924857 
   65200     92.60145    137.73764   -15.171287     1.092555 
   65300    92.600175    137.73574   -15.169391    1.0926244 
   65400    92.598898    137.73384   -15.167491     1.092694 
   65500    92.597619    137.73194   -15.165588    1.0927638 
   65600    92.596337    137.73003   -15.163682    1.0928337 
   65700    92.595054    137.72813   -15.161773    1.0929037 
   65800    92.593768    137.72621   -15.159861    1.0929738 
   65900    92.592481     137.7243   -15.157946    1.0930441 
   66000    92.591191    137.72238   -15.156028    1.0931146 
   66100    92.589899    137.72046   -15.154106    1.0931851 
   66200    92.588605    137.71853   -15.152182    1.0932559 
   66300    92.587309    137.71661   -15.150254    1.0933267 
   66400    92.586011    137.71468   -15.148323    1.0933977 
   66500    92.584711    137.71274   -15.146389    1.0934689 
   66600    92.583409     137.7108   -15.144452    1.0935401 
   66700    92.582105    137.70886   -15.142512    1.0936116 
   66800    92.580798    137.70692   -15.140569    1.0936831 
   66900     92.57949    137.70498   -15.138623    1.0937548 
   67000    92.578179    137.70303   -15.136673    1.0938266 
   67100    92.576867    137.70107   -15.134721    1.0938986 
   67200    92.575552    137.69912   -15.132766    1.0939707 
   67300    92.574235    137.69716   -15.130807     1.094043 
   67400    92.572916     137.6952   -15.128898    1.0941141 
   67500    92.571596    137.69323   -15.126933    1.0941866 
   67600    92.570273    137.69127   -15.124965    1.0942593 
   67700    92.568948    137.68929   -15.122994    1.0943321 
   67800     92.56762    137.68732   -15.120968    1.0944062 
   67900    92.566291    137.68534   -15.118991    1.0944793 
   68000     92.56496    137.68336   -15.117011    1.0945525 
   68100    92.563627    137.68138   -15.115028    1.0946258 
   68200    92.562292    137.67939   -15.113042    1.0946993 
   68300    92.560954     137.6774   -15.111052    1.0947729 
   68400    92.559615    137.67541    -15.10906    1.0948467 
   68500    92.558273    137.67342   -15.107065    1.0949205 
   68600     92.55693    137.67142   -15.105067    1.0949946 
   68700    92.555584    137.66942   -15.103065    1.0950687 
   68800    92.554237    137.66741   -15.101061     1.095143 
   68900    92.552887    137.66541   -15.099053    1.0952174 
   69000    92.551535    137.66339   -15.097043    1.0952919 
   69100    92.550182    137.66138   -15.095029    1.0953666 
   69200    92.548826    137.65936   -15.093013    1.0954414 
   69300    92.547468    137.65735   -15.090993    1.0955164 
   69400    92.546108    137.65532   -15.088971    1.0955915 
   69500    92.544747     137.6533   -15.086945    1.0956667 
   69600    92.543383    137.65127   -15.084916     1.095742 
   69700    92.542017    137.64924   -15.082885    1.0958175 
   69800    92.540649     137.6472    -15.08085    1.0958931 
   69900    92.539279    137.64516   -15.078812    1.0959689 
   70000    92.537907    137.64312   -15.076772    1.0960447 
   70100    92.536533    137.64108   -15.074728    1.0961207 
   70200    92.535157    137.63903   -15.072682    1.0961969 
   70300     92.53378    137.63698   -15.070632    1.0962731 
   70400      92.5324    137.63493    -15.06858    1.0963495 
   70500    92.531018    137.63288   -15.066524     1.096426 
   70600    92.529634    137.63082   -15.064466    1.0965027 
   70700    92.528248    137.62876   -15.062404    1.0965795 
   70800     92.52686    137.62669    -15.06034    1.0966564 
   70900     92.52547    137.62462   -15.058272    1.0967334 
   71000    92.524078    137.62255   -15.056202    1.0968106 
   71100    92.522684    137.62048   -15.054129    1.0968879 
   71200    92.521288     137.6184   -15.052052    1.0969653 
   71300     92.51989    137.61633   -15.049973    1.0970428 
   71400    92.518491    137.61424   -15.047839    1.0971218 
   71500    92.517089    137.61216   -15.045753    1.0971996 
   71600    92.515685    137.61007   -15.043665    1.0972775 
   71700    92.514279    137.60798   -15.041575    1.0973555 
   71800    92.512872    137.60589   -15.039481    1.0974337 
   71900    92.511462    137.60379   -15.037384     1.097512 
   72000     92.51005    137.60169   -15.035284    1.0975905 
   72100    92.508637    137.59959   -15.033182     1.097669 
   72200    92.507221    137.59748   -15.031076    1.0977477 
   72300    92.505804    137.59537   -15.028968    1.0978265 
   72400    92.504384    137.59326   -15.026856    1.0979054 
   72500    92.502963    137.59115   -15.024742    1.0979845 
   72600    92.501539    137.58903   -15.022625    1.0980637 
   72700    92.500114    137.58691   -15.020505     1.098143 
   72800    92.498687    137.58479   -15.018382    1.0982224 
   72900    92.497258    137.58266   -15.016257    1.0983019 
   73000    92.495827    137.58053   -15.014128    1.0983816 
   73100    92.494394     137.5784   -15.011997    1.0984614 
   73200    92.492959    137.57627   -15.009862    1.0985413 
   73300    92.491522    137.57413   -15.007725    1.0986213 
   73400    92.490083    137.57199   -15.005585    1.0987015 
   73500    92.488643    137.56985   -15.003442    1.0987818 
   73600      92.4872     137.5677   -15.001296    1.0988621 
   73700    92.485756    137.56555   -14.999148    1.0989427 
   73800    92.484309     137.5634   -14.996997    1.0990233 
   73900    92.482861    137.56125   -14.994842     1.099104 
   74000    92.481411    137.55909   -14.992685    1.0991849 
   74100    92.479959    137.55693   -14.990526    1.0992659 
   74200    92.478505    137.55477   -14.988363     1.099347 
   74300    92.477049     137.5526   -14.986198    1.0994282 
   74400    92.475592    137.55043   -14.984029    1.0995096 
   74500    92.474132    137.54826   -14.981858     1.099591 
   74600    92.472671    137.54609   -14.979685    1.0996726 
   74700    92.471207    137.54391   -14.977508    1.0997543 
   74800    92.469742    137.54173   -14.975329    1.0998361 
   74900    92.468275    137.53955   -14.973147     1.099918 
   75000    92.466806    137.53737   -14.970962          1.1 
   75100    92.465335    137.53518   -14.968774    1.1000822 
   75200    92.463863    137.53299   -14.966584    1.1001645 
   75300    92.462388     137.5308   -14.964391    1.1002468 
   75400    92.460912     137.5286   -14.962195    1.1003293 
   75500    92.459434     137.5264   -14.959996    1.1004119 
   75600    92.457954     137.5242   -14.957795    1.1004946 
   75700    92.456472      137.522   -14.955591    1.1005775 
   75800    92.454989    137.51979   -14.953384    1.1006604 
   75900    92.453503    137.51758   -14.951175    1.1007435 
   76000    92.452016    137.51537   -14.948963    1.1008266 
   76100    92.450527    137.51315   -14.946748    1.1009099 
   76200    92.449036    137.51094    -14.94453    1.1009933 
   76300    92.447544    137.50871    -14.94231    1.1010768 
   76400    92.446049    137.50649   -14.940087    1.1011604 
   76500    92.444553    137.50427   -14.937862    1.1012441 
   76600    92.443055    137.50204   -14.935634    1.1013279 
   76700    92.441555    137.49981   -14.933403    1.1014119 
   76800    92.440054    137.49757   -14.931169    1.1014959 
   76900     92.43855    137.49534   -14.928933      1.10158 
   77000    92.437045     137.4931   -14.926694    1.1016643 
   77100    92.435538    137.49086   -14.924453    1.1017487 
   77200    92.434029    137.48861   -14.922209    1.1018331 
   77300    92.432519    137.48637   -14.919962    1.1019177 
   77400    92.431007    137.48412   -14.917713    1.1020024 
   77500    92.429493    137.48187   -14.915461    1.1020872 
   77600    92.427977    137.47961   -14.913207     1.102172 
   77700     92.42646    137.47735    -14.91095     1.102257 
   77800    92.424941    137.47509    -14.90869    1.1023421 
   77900     92.42342    137.47283   -14.906428    1.1024273 
   78000    92.421897    137.47057   -14.904163    1.1025126 
   78100    92.420373     137.4683   -14.901896     1.102598 
   78200    92.418847    137.46603   -14.899626    1.1026835 
   78300    92.417319    137.46376   -14.897354    1.1027691 
   78400     92.41579    137.46148   -14.895079    1.1028548 
   78500    92.414259    137.45921   -14.892801    1.1029406 
   78600    92.412726    137.45693   -14.890522    1.1030265 
   78700    92.411191    137.45464   -14.888239    1.1031125 
   78800    92.409655    137.45236   -14.885954    1.1031987 
   78900    92.408117    137.45007   -14.883719    1.1032836 
   79000    92.406578    137.44778   -14.881429    1.1033699 
   79100    92.405037    137.44549   -14.879137    1.1034563 
   79200    92.403494    137.44319   -14.876842    1.1035428 
   79300    92.401949     137.4409   -14.874544    1.1036294 
   79400    92.400403     137.4386   -14.872245    1.1037161 
   79500    92.398855    137.43629   -14.869942    1.1038029 
   79600    92.397306    137.43399   -14.867638    1.1038898 
   79700    92.395755    137.43168    -14.86533    1.1039767 
   79800    92.394202    137.42937   -14.863021    1.1040638 
   79900    92.392648    137.42706   -14.860709     1.104151 
   80000    92.391092    137.42475   -14.858395    1.1042382 
   80100    92.389534    137.42243   -14.856078    1.1043256 
   80200    92.387975    137.42011   -14.853759     1.104413 
   80300    92.386414    137.41779   -14.851437    1.1045005 
   80400    92.384852    137.41547   -14.849113    1.1045882 
   80500    92.383288    137.41314   -14.846787    1.1046759 
   80600    92.381722    137.41081   -14.844458    1.1047637 
   80700    92.380155    137.40848   -14.842127    1.1048516 
   80800    92.378586    137.40615   -14.839794    1.1049396 
   80900    92.377016    137.40381   -14.837458    1.1050276 
   81000    92.375444    137.40147    -14.83512    1.1051158 
   81100    92.373871    137.39913    -14.83278    1.1052041 
   81200    92.372296    137.39679   -14.830437    1.1052924 
   81300    92.370719    137.39444   -14.828093    1.1053808 
   81400    92.369141     137.3921   -14.825745    1.1054693 
   81500    92.367562    137.38975   -14.823396    1.1055579 
   81600    92.365981     137.3874   -14.821044    1.1056466 
   81700    92.364398    137.38504    -14.81869    1.1057354 
   81800    92.362814    137.38269   -14.816334    1.1058242 
   81900    92.361229    137.38033   -14.813976    1.1059131 
   82000    92.359641    137.37797   -14.811615    1.1060021 
   82100    92.358053     137.3756   -14.809252    1.1060912 
   82200    92.356463    137.37324   -14.806887    1.1061804 
   82300    92.354871    137.37087    -14.80452    1.1062697 
   82400    92.353278     137.3685    -14.80215     1.106359 
   82500    92.351684    137.36613   -14.799779    1.1064484 
   82600    92.350088    137.36376   -14.797405    1.1065379 
   82700    92.348491    137.36138   -14.795029    1.1066275 
   82800    92.346892      137.359   -14.792651    1.1067172 
   82900    92.345291    137.35662    -14.79027    1.1068069 
   83000     92.34369    137.35424   -14.787888    1.1068967 
   83100    92.342087    137.35186   -14.785503    1.1069866 
   83200    92.340482    137.34947   -14.783117    1.1070766 
   83300    92.338876    137.34708   -14.780728    1.1071666 
   83400    92.337269    137.34469   -14.778337    1.1072567 
   83500     92.33566     137.3423   -14.775944    1.1073469 
   83600     92.33405     137.3399   -14.773549    1.1074372 
   83700    92.332438     137.3375   -14.771152    1.1075275 
   83800    92.330825    137.33511   -14.768753    1.1076179 
   83900    92.329211     137.3327   -14.766352    1.1077084 
   84000    92.327596     137.3303   -14.763949    1.1077989 
   84100    92.325979     137.3279   -14.761544    1.1078896 
   84200     92.32436    137.32549   -14.759137    1.1079803 
   84300    92.322741    137.32308   -14.756728     1.108071 
   84400     92.32112    137.32067   -14.754264    1.1081631 
   84500    92.319497    137.31826   -14.751851     1.108254 
   84600    92.317874    137.31584   -14.749436     1.108345 
   84700    92.316249    137.31342   -14.747019     1.108436 
   84800    92.314622      137.311     -14.7446    1.1085271 
   84900    92.312995    137.30858   -14.742179    1.1086183 
   85000    92.311366    137.30616   -14.739757    1.1087095 
   85100    92.309736    137.30374   -14.737332    1.1088008 
   85200    92.308105    137.30131   -14.734905    1.1088921 
   85300    92.306472    137.29888   -14.732477    1.1089836 
   85400    92.304838    137.29645   -14.730047    1.1090751 
   85500    92.303203    137.29402   -14.727614    1.1091666 
   85600    92.301566    137.29159    -14.72518    1.1092582 
   85700    92.299929    137.28915   -14.722744    1.1093499 
   85800     92.29829    137.28671   -14.720307    1.1094416 
   85900     92.29665    137.28427   -14.717867    1.1095334 
   86000    92.295009    137.28183   -14.715426    1.1096253 
   86100    92.293366    137.27939   -14.712983    1.1097172 
   86200    92.291722    137.27694   -14.710538    1.1098091 
   86300    92.290078     137.2745   -14.708091    1.1099012 
   86400    92.288431    137.27205   -14.705643    1.1099932 
   86500    92.286784     137.2696   -14.703193    1.1100854 
   86600    92.285136    137.26715   -14.700741    1.1101776 
   86700    92.283486    137.26469   -14.698287    1.1102698 
   86800    92.281836    137.26224   -14.695832    1.1103621 
   86900    92.280184    137.25978   -14.693375    1.1104545 
   87000    92.278531    137.25732   -14.690917    1.1105469 
   87100    92.276877    137.25486   -14.688456    1.1106393 
   87200    92.275222     137.2524   -14.685994    1.1107318 
   87300    92.273565    137.24994   -14.683531    1.1108244 
   87400    92.271908    137.24747   -14.681065     1.110917 
   87500    92.270249      137.245   -14.678599    1.1110096 
   87600     92.26859    137.24253    -14.67613    1.1111023 
   87700    92.266929    137.24006    -14.67366    1.1111951 
   87800    92.265268    137.23759   -14.671189    1.1112879 
   87900    92.263605    137.23512   -14.668715    1.1113807 
   88000    92.261941    137.23265   -14.666293    1.1114724 
   88100    92.260276    137.23017   -14.663817    1.1115653 
   88200     92.25861    137.22769   -14.661339    1.1116583 
   88300    92.256944    137.22521    -14.65886    1.1117513 
   88400    92.255276    137.22273   -14.656379    1.1118444 
   88500    92.253607    137.22025   -14.653896    1.1119375 
   88600    92.251937    137.21776   -14.651413    1.1120306 
   88700    92.250266    137.21528   -14.648927    1.1121238 
   88800    92.248594    137.21279   -14.646441     1.112217 
   88900    92.246922     137.2103   -14.643953    1.1123103 
   89000    92.245248    137.20782   -14.641463    1.1124036 
   89100    92.243573    137.20532   -14.638972    1.1124969 
   89200    92.241898    137.20283    -14.63648    1.1125903 
   89300    92.240221    137.20034   -14.633986    1.1126837 
   89400    92.238544    137.19784   -14.631491    1.1127772 
   89500    92.236865    137.19535   -14.628995    1.1128707 
   89600    92.235186    137.19285   -14.626497    1.1129642 
   89700    92.233506    137.19035   -14.623998    1.1130577 
   89800    92.231825    137.18785   -14.621497    1.1131513 
   89900    92.230143    137.18535   -14.618996    1.1132449 
   90000     92.22846    137.18284   -14.616493    1.1133386 
   90100    92.226777    137.18034   -14.613988    1.1134322 
   90200    92.225092    137.17784   -14.611483    1.1135259 
   90300    92.223407    137.17533   -14.608976    1.1136197 
   90400    92.221721    137.17282   -14.606468    1.1137134 
   90500    92.220034    137.17031   -14.603959    1.1138072 
   90600    92.218346     137.1678   -14.601449     1.113901 
   90700    92.216658    137.16529   -14.598937    1.1139948 
   90800    92.214968    137.16278   -14.596424    1.1140887 
   90900    92.213278    137.16026   -14.593911    1.1141826 
   91000    92.211587    137.15775   -14.591396    1.1142765 
   91100    92.209896    137.15523   -14.588879    1.1143704 
   91200    92.208203    137.15271   -14.586362    1.1144644 
   91300     92.20651     137.1502   -14.583844    1.1145584 
   91400    92.204817    137.14768   -14.581325    1.1146524 
   91500    92.203122    137.14516   -14.578804    1.1147464 
   91600    92.201427    137.14263   -14.576283    1.1148404 
   91700    92.199731    137.14011    -14.57376    1.1149344 
   91800    92.198034    137.13759   -14.571236    1.1150285 
   91900    92.196337    137.13506   -14.568712    1.1151226 
   92000    92.194639    137.13254   -14.566186    1.1152167 
   92100     92.19294    137.13001    -14.56366    1.1153108 
   92200    92.191241    137.12748    -14.56108    1.1154062 
   92300    92.189541    137.12496   -14.558552    1.1155003 
   92400    92.187841    137.12243   -14.556022    1.1155944 
   92500     92.18614     137.1199   -14.553492    1.1156886 
   92600    92.184438    137.11737   -14.550961    1.1157828 
   92700    92.182736    137.11483   -14.548429     1.115877 
   92800    92.181033     137.1123   -14.545896    1.1159711 
   92900     92.17933    137.10977   -14.543362    1.1160653 
   93000    92.177626    137.10723   -14.540828    1.1161595 
   93100    92.175921     137.1047   -14.538292    1.1162537 
   93200    92.174216    137.10216   -14.535756     1.116348 
   93300     92.17251    137.09962   -14.533219    1.1164422 
   93400    92.170804    137.09709   -14.530681    1.1165364 
   93500    92.169098    137.09455   -14.528143    1.1166306 
   93600     92.16739    137.09201   -14.525604    1.1167249 
   93700    92.165683    137.08947   -14.523064    1.1168191 
   93800    92.163975    137.08693   -14.520523    1.1169133 
   93900    92.162266    137.08439   -14.517982    1.1170075 
   94000    92.160557    137.08184    -14.51544    1.1171018 
   94100    92.158848     137.0793   -14.512897     1.117196 
   94200    92.157138    137.07676   -14.510354    1.1172902 
   94300    92.155428    137.07421    -14.50781    1.1173844 
   94400    92.153717    137.07167   -14.505265    1.1174787 
   94500    92.152006    137.06912    -14.50272    1.1175729 
   94600    92.150294    137.06658   -14.500175    1.1176671 
   94700    92.148583    137.06403   -14.497628    1.1177613 
   94800     92.14687    137.06149   -14.495082    1.1178554 
   94900    92.145158    137.05894   -14.492534    1.1179496 
   95000    92.143445    137.05639   -14.489986    1.1180438 
   95100    92.141732    137.05384   -14.487438    1.1181379 
   95200    92.140018    137.05129   -14.484889    1.1182321 
   95300    92.138304    137.04874    -14.48234    1.1183262 
   95400     92.13659     137.0462   -14.479791    1.1184203 
   95500    92.134876    137.04365    -14.47724    1.1185144 
   95600    92.133161    137.04109    -14.47469    1.1186085 
   95700    92.131446    137.03854   -14.472139    1.1187026 
   95800    92.129731    137.03599   -14.469588    1.1187967 
   95900    92.128015    137.03344   -14.467036    1.1188907 
   96000      92.1263    137.03089   -14.464484    1.1189847 
   96100    92.124584    137.02834   -14.461932    1.1190787 
   96200    92.122868    137.02578    -14.45938    1.1191727 
   96300    92.121151    137.02323   -14.456827    1.1192667 
   96400    92.119435    137.02068   -14.454274    1.1193606 
   96500    92.117718    137.01812    -14.45172    1.1194545 
   96600    92.116002    137.01557   -14.449167    1.1195484 
   96700    92.114285    137.01302   -14.446613    1.1196423 
   96800    92.112568    137.01046   -14.444059    1.1197361 
   96900     92.11085    137.00791   -14.441505    1.1198299 
   97000    92.109133    137.00536    -14.43895    1.1199237 
   97100    92.107416     137.0028   -14.436396    1.1200174 
   97200    92.105698    137.00025   -14.433841    1.1201112 
   97300    92.103981    136.99769   -14.431287    1.1202049 
   97400    92.102263    136.99514   -14.428732    1.1202985 
   97500    92.100546    136.99258   -14.426177    1.1203921 
   97600    92.098828    136.99003   -14.423622    1.1204857 
   97700     92.09711    136.98747   -14.421067    1.1205793 
   97800    92.095393    136.98492   -14.418512    1.1206728 
   97900    92.093675    136.98236   -14.415957    1.1207663 
   98000    92.091957    136.97981   -14.413402    1.1208598 
   98100    92.090239    136.97725   -14.410847    1.1209532 
   98200    92.088522     136.9747   -14.408293    1.1210466 
   98300    92.086804    136.97214   -14.405738    1.1211399 
   98400    92.085087    136.96959   -14.403183    1.1212332 
   98500    92.083369    136.96703   -14.400629    1.1213265 
   98600    92.081652    136.96448   -14.398074    1.1214197 
   98700    92.079935    136.96192    -14.39552    1.1215128 
   98800    92.078218    136.95937   -14.392966     1.121606 
   98900    92.076501    136.95682   -14.390412     1.121699 
   99000    92.074784    136.95426   -14.387858    1.1217921 
   99100    92.073067    136.95171   -14.385305    1.1218851 
   99200     92.07135    136.94916   -14.382751     1.121978 
   99300    92.069634     136.9466   -14.380198    1.1220709 
   99400    92.067918    136.94405   -14.377646    1.1221637 
   99500    92.066202     136.9415   -14.375093    1.1222565 
   99600    92.064486    136.93895   -14.372541    1.1223493 
   99700     92.06277    136.93639   -14.369989    1.1224419 
   99800    92.061055    136.93384   -14.367438    1.1225346 
   99900     92.05934    136.93129   -14.364887    1.1226271 
  100000    92.057625    136.92874   -14.362336    1.1227197
