#Step Temp KinEng PotEng Press 
       0           94    139.81788    -15.76389    1.0912501 
     100    93.999999    139.81788   -15.763889    1.0912212 
     200    93.999997    139.81787   -15.763885    1.0911923 
     300    93.999992    139.81786   -15.763879    1.0911636 
     400    93.999986    139.81786   -15.763869    1.0911351 
     500    93.999978    139.81784   -15.763858    1.0911067 
     600    93.999968    139.81783   -15.763843    1.0910785 
     700    93.999957    139.81781   -15.763826    1.0910504 
     800    93.999944    139.81779   -15.763806    1.0910224 
     900    93.999928    139.81777   -15.763784    1.0909946 
    1000    93.999911    139.81774   -15.763758     1.090967 
    1100    93.999893    139.81772    -15.76373    1.0909395 
    1200    93.999872    139.81769     -15.7637    1.0909121 
    1300     93.99985    139.81765   -15.763667    1.0908849 
    1400    93.999826    139.81762   -15.763631    1.0908578 
    1500      93.9998    139.81758   -15.763592    1.0908309 
    1600    93.999772    139.81754   -15.763551    1.0908041 
    1700    93.999742    139.81749   -15.763507    1.0907775 
    1800    93.999711    139.81745    -15.76346     1.090751 
    1900    93.999678     139.8174   -15.763411    1.0907247 
    2000    93.999643    139.81735   -15.763359    1.0906985 
    2100    93.999606    139.81729   -15.763305    1.0906725 
    2200    93.999568    139.81723   -15.763247    1.0906466 
    2300    93.999528    139.81717   -15.763187    1.0906209 
    2400    93.999485    139.81711   -15.763125    1.0905953 
    2500    93.999442    139.81705   -15.763059    1.0905699 
    2600    93.999396    139.81698   -15.762991    1.0905446 
    2700    93.999348    139.81691   -15.762921    1.0905194 
    2800    93.999299    139.81683   -15.762847    1.0904944 
    2900    93.999248    139.81676   -15.762771    1.0904696 
    3000    93.999195    139.81668   -15.762693    1.0904449 
    3100     93.99914     139.8166   -15.762612    1.0904203 
    3200    93.999084    139.81651   -15.762528    1.0903959 
    3300    93.999026    139.81643   -15.762441    1.0903717 
    3400    93.998966    139.81634   -15.762352    1.0903475 
    3500    93.998904    139.81625   -15.762259    1.0903236 
    3600     93.99884    139.81615   -15.762165    1.0902998 
    3700    93.998775    139.81605   -15.762067    1.0902761 
    3800    93.998707    139.81595   -15.761967    1.0902526 
    3900    93.998638    139.81585   -15.761865    1.0902292 
    4000    93.998568    139.81575   -15.761759     1.090206 
    4100    93.998495    139.81564   -15.761651    1.0901829 
    4200     93.99842    139.81553   -15.761541      1.09016 
    4300    93.998344    139.81541   -15.761427    1.0901372 
    4400    93.998266     139.8153   -15.761311    1.0901146 
    4500    93.998186    139.81518   -15.761192    1.0900921 
    4600    93.998105    139.81506   -15.761071    1.0900697 
    4700    93.998021    139.81493   -15.760947    1.0900475 
    4800    93.997936    139.81481    -15.76082    1.0900255 
    4900    93.997849    139.81468   -15.760691    1.0900036 
    5000     93.99776    139.81454   -15.760559    1.0899819 
    5100     93.99767    139.81441   -15.760424    1.0899603 
    5200    93.997577    139.81427   -15.760287    1.0899388 
    5300    93.997483    139.81413   -15.760146    1.0899175 
    5400    93.997387    139.81399   -15.760004    1.0898963 
    5500    93.997289    139.81384   -15.759858    1.0898753 
    5600     93.99719     139.8137    -15.75971    1.0898545 
    5700    93.997088    139.81355   -15.759559    1.0898338 
    5800    93.996985    139.81339   -15.759406    1.0898132 
    5900     93.99688    139.81324    -15.75925    1.0897928 
    6000    93.996774    139.81308   -15.759091    1.0897725 
    6100    93.996665    139.81292   -15.758929    1.0897524 
    6200    93.996555    139.81275   -15.758765    1.0897324 
    6300    93.996442    139.81258   -15.758599    1.0897126 
    6400    93.996329    139.81242   -15.758429    1.0896929 
    6500    93.996213    139.81224   -15.758257    1.0896734 
    6600    93.996095    139.81207   -15.758082     1.089654 
    6700    93.995976    139.81189   -15.757904    1.0896348 
    6800    93.995855    139.81171   -15.757724    1.0896157 
    6900    93.995732    139.81153   -15.757541    1.0895967 
    7000    93.995607    139.81134   -15.757356    1.0895779 
    7100    93.995481    139.81115   -15.757168    1.0895593 
    7200    93.995352    139.81096   -15.756977    1.0895408 
    7300    93.995222    139.81077   -15.756783    1.0895224 
    7400     93.99509    139.81057   -15.756587    1.0895043 
    7500    93.994956    139.81037   -15.756388    1.0894862 
    7600    93.994821    139.81017   -15.756186    1.0894683 
    7700    93.994684    139.80997   -15.755982    1.0894505 
    7800    93.994544    139.80976   -15.755775    1.0894329 
    7900    93.994403    139.80955   -15.755566    1.0894155 
    8000    93.994261    139.80934   -15.755353    1.0893982 
    8100    93.994116    139.80912   -15.755138     1.089381 
    8200     93.99397    139.80891   -15.754921     1.089364 
    8300    93.993822    139.80869     -15.7547    1.0893471 
    8400    93.993672    139.80846   -15.754477    1.0893304 
    8500     93.99352    139.80824   -15.754252    1.0893138 
    8600    93.993367    139.80801   -15.754023    1.0892974 
    8700    93.993211    139.80778   -15.753792    1.0892811 
    8800    93.993054    139.80754   -15.753559     1.089265 
    8900    93.992895    139.80731   -15.753322     1.089249 
    9000    93.992734    139.80707   -15.753083    1.0892332 
    9100    93.992572    139.80683   -15.752841    1.0892175 
    9200    93.992408    139.80658   -15.752649    1.0892007 
    9300    93.992241    139.80634   -15.752402    1.0891854 
    9400    93.992073    139.80609   -15.752152    1.0891701 
    9500    93.991904    139.80583     -15.7519     1.089155 
    9600    93.991732    139.80558   -15.751645    1.0891401 
    9700    93.991559    139.80532   -15.751387    1.0891253 
    9800    93.991384    139.80506   -15.751126    1.0891107 
    9900    93.991207     139.8048   -15.750863    1.0890962 
   10000    93.991028    139.80453   -15.750597    1.0890818 
   10100    93.990847    139.80426   -15.750329    1.0890676 
   10200    93.990665    139.80399   -15.750057    1.0890536 
   10300    93.990481    139.80372   -15.749783    1.0890397 
   10400    93.990295    139.80344   -15.749507    1.0890259 
   10500    93.990107    139.80316   -15.749227    1.0890123 
   10600    93.989917    139.80288   -15.748945    1.0889988 
   10700    93.989726    139.80259   -15.748661    1.0889855 
   10800    93.989533    139.80231   -15.748373    1.0889724 
   10900    93.989338    139.80202   -15.748083    1.0889594 
   11000    93.989141    139.80172    -15.74779    1.0889465 
   11100    93.988942    139.80143   -15.747495    1.0889338 
   11200    93.988742    139.80113   -15.747197    1.0889212 
   11300     93.98854    139.80083   -15.746896    1.0889088 
   11400    93.988336    139.80053   -15.746593    1.0888965 
   11500     93.98813    139.80022   -15.746286    1.0888844 
   11600    93.987922    139.79991   -15.745977    1.0888724 
   11700    93.987713     139.7996   -15.745666    1.0888606 
   11800    93.987501    139.79929   -15.745352    1.0888489 
   11900    93.987288    139.79897   -15.745035    1.0888374 
   12000    93.987073    139.79865   -15.744715     1.088826 
   12100    93.986857    139.79833   -15.744393    1.0888148 
   12200    93.986638      139.798   -15.744068    1.0888037 
   12300    93.986418    139.79767    -15.74374    1.0887928 
   12400    93.986196    139.79734   -15.743409     1.088782 
   12500    93.985972    139.79701   -15.743076    1.0887714 
   12600    93.985746    139.79667   -15.742793    1.0887597 
   12700    93.985518    139.79634   -15.742454    1.0887493 
   12800    93.985289    139.79599   -15.742113    1.0887391 
   12900    93.985058    139.79565   -15.741769    1.0887291 
   13000    93.984825     139.7953   -15.741423    1.0887192 
   13100     93.98459    139.79495   -15.741073    1.0887095 
   13200    93.984353     139.7946   -15.740721    1.0886999 
   13300    93.984115    139.79425   -15.740367    1.0886904 
   13400    93.983874    139.79389   -15.740009    1.0886811 
   13500    93.983632    139.79353   -15.739649     1.088672 
   13600    93.983388    139.79317   -15.739286     1.088663 
   13700    93.983142     139.7928   -15.738921    1.0886541 
   13800    93.982895    139.79243   -15.738552    1.0886454 
   13900    93.982646    139.79206   -15.738181    1.0886369 
   14000    93.982394    139.79169   -15.737808    1.0886285 
   14100    93.982141    139.79131   -15.737432    1.0886202 
   14200    93.981887    139.79093   -15.737052    1.0886121 
   14300     93.98163    139.79055   -15.736671    1.0886042 
   14400    93.981371    139.79017   -15.736286    1.0885964 
   14500    93.981111    139.78978   -15.735899    1.0885887 
   14600    93.980849    139.78939   -15.735509    1.0885812 
   14700    93.980585      139.789   -15.735117    1.0885738 
   14800    93.980319     139.7886   -15.734721    1.0885666 
   14900    93.980052     139.7882   -15.734323    1.0885596 
   15000    93.979782     139.7878   -15.733923    1.0885527 
   15100    93.979511     139.7874   -15.733519    1.0885459 
   15200    93.979238    139.78699   -15.733113    1.0885393 
   15300    93.978963    139.78659   -15.732704    1.0885328 
   15400    93.978686    139.78617   -15.732293    1.0885265 
   15500    93.978408    139.78576   -15.731878    1.0885204 
   15600    93.978128    139.78534   -15.731461    1.0885143 
   15700    93.977845    139.78492   -15.731042    1.0885085 
   15800    93.977561     139.7845   -15.730619    1.0885028 
   15900    93.977276    139.78408   -15.730194    1.0884972 
   16000    93.976988    139.78365   -15.729766    1.0884918 
   16100    93.976698    139.78322   -15.729336    1.0884865 
   16200    93.976407    139.78278   -15.728902    1.0884814 
   16300    93.976114    139.78235   -15.728466    1.0884764 
   16400    93.975819    139.78191   -15.728028    1.0884716 
   16500    93.975522    139.78147   -15.727586    1.0884669 
   16600    93.975224    139.78102   -15.727142    1.0884624 
   16700    93.974923    139.78058   -15.726695    1.0884581 
   16800    93.974621    139.78013   -15.726245    1.0884538 
   16900    93.974317    139.77967   -15.725793    1.0884498 
   17000    93.974011    139.77922   -15.725338    1.0884458 
   17100    93.973703    139.77876    -15.72488    1.0884421 
   17200    93.973393     139.7783   -15.724419    1.0884385 
   17300    93.973082    139.77784   -15.723956     1.088435 
   17400    93.972768    139.77737    -15.72349    1.0884317 
   17500    93.972453     139.7769   -15.723021    1.0884285 
   17600    93.972136    139.77643    -15.72255    1.0884255 
   17700    93.971818    139.77596   -15.722076    1.0884226 
   17800    93.971497    139.77548   -15.721599    1.0884199 
   17900    93.971174      139.775   -15.721119    1.0884173 
   18000     93.97085    139.77452   -15.720637    1.0884149 
   18100    93.970524    139.77403   -15.720151    1.0884126 
   18200    93.970196    139.77354   -15.719664    1.0884105 
   18300    93.969866    139.77305   -15.719173    1.0884085 
   18400    93.969534    139.77256    -15.71868    1.0884067 
   18500    93.969201    139.77206   -15.718183     1.088405 
   18600    93.968865    139.77157   -15.717685    1.0884035 
   18700    93.968528    139.77106   -15.717183    1.0884021 
   18800    93.968189    139.77056   -15.716679    1.0884009 
   18900    93.967848    139.77005   -15.716172    1.0883999 
   19000    93.967505    139.76954   -15.715662    1.0883989 
   19100    93.967161    139.76903   -15.715149    1.0883982 
   19200    93.966814    139.76852   -15.714634    1.0883975 
   19300    93.966466      139.768   -15.714116    1.0883971 
   19400    93.966116    139.76748   -15.713595    1.0883968 
   19500    93.965764    139.76695   -15.713071    1.0883966 
   19600     93.96541    139.76643   -15.712545    1.0883966 
   19700    93.965054     139.7659   -15.712016    1.0883967 
   19800    93.964697    139.76537   -15.711484     1.088397 
   19900    93.964337    139.76483    -15.71095    1.0883974 
   20000    93.963976    139.76429   -15.710412     1.088398 
   20100    93.963613    139.76375   -15.709872    1.0883987 
   20200    93.963248    139.76321   -15.709329    1.0883996 
   20300    93.962881    139.76267   -15.708784    1.0884007 
   20400    93.962513    139.76212   -15.708235    1.0884018 
   20500    93.962142    139.76157   -15.707684    1.0884032 
   20600     93.96177    139.76101    -15.70713    1.0884047 
   20700    93.961396    139.76046   -15.706574    1.0884063 
   20800    93.961019     139.7599   -15.706014    1.0884081 
   20900    93.960642    139.75933   -15.705452      1.08841 
   21000    93.960262    139.75877   -15.704887    1.0884121 
   21100     93.95988     139.7582   -15.704319    1.0884144 
   21200    93.959496    139.75763   -15.703749    1.0884168 
   21300    93.959111    139.75706   -15.703176    1.0884193 
   21400    93.958724    139.75648     -15.7026     1.088422 
   21500    93.958335     139.7559   -15.702021    1.0884249 
   21600    93.957944    139.75532   -15.701439    1.0884279 
   21700    93.957551    139.75474   -15.700855     1.088431 
   21800    93.957156    139.75415   -15.700268    1.0884343 
   21900     93.95676    139.75356   -15.699678    1.0884378 
   22000    93.956361    139.75297   -15.699085    1.0884414 
   22100    93.955961    139.75237    -15.69849    1.0884451 
   22200    93.955559    139.75177   -15.697892     1.088449 
   22300    93.955155    139.75117   -15.697291    1.0884531 
   22400    93.954749    139.75057   -15.696687    1.0884573 
   22500    93.954341    139.74996   -15.696081    1.0884616 
   22600    93.953931    139.74935   -15.695471    1.0884661 
   22700     93.95352    139.74874   -15.694859    1.0884708 
   22800    93.953106    139.74813   -15.694244    1.0884756 
   22900    93.952691    139.74751   -15.693626    1.0884806 
   23000    93.952274    139.74689   -15.693006    1.0884857 
   23100    93.951855    139.74626   -15.692383     1.088491 
   23200    93.951434    139.74564   -15.691757    1.0884964 
   23300    93.951011    139.74501   -15.691128    1.0885019 
   23400    93.950587    139.74438   -15.690496    1.0885077 
   23500     93.95016    139.74374   -15.689862    1.0885135 
   23600    93.949732    139.74311   -15.689224    1.0885196 
   23700    93.949301    139.74247   -15.688584    1.0885257 
   23800    93.948869    139.74182   -15.687942    1.0885321 
   23900    93.948435    139.74118   -15.687296    1.0885385 
   24000    93.947999    139.74053   -15.686648    1.0885452 
   24100    93.947561    139.73988   -15.685996     1.088552 
   24200    93.947122    139.73922   -15.685342    1.0885589 
   24300     93.94668    139.73857   -15.684685     1.088566 
   24400    93.946237    139.73791   -15.684026    1.0885732 
   24500    93.945791    139.73724   -15.683363    1.0885806 
   24600    93.945344    139.73658   -15.682698    1.0885881 
   24700    93.944895    139.73591    -15.68203    1.0885958 
   24800    93.944444    139.73524   -15.681359    1.0886037 
   24900    93.943991    139.73457   -15.680685    1.0886117 
   25000    93.943536    139.73389   -15.680009    1.0886198 
   25100    93.943079    139.73321    -15.67933    1.0886281 
   25200    93.942621    139.73253   -15.678648    1.0886366 
   25300     93.94216    139.73184   -15.677963    1.0886452 
   25400    93.941698    139.73116   -15.677275     1.088654 
   25500    93.941234    139.73047   -15.676584    1.0886629 
   25600    93.940767    139.72977   -15.675891    1.0886719 
   25700    93.940299    139.72908   -15.675195    1.0886812 
   25800    93.939829    139.72838   -15.674496    1.0886905 
   25900    93.939357    139.72767   -15.673794       1.0887 
   26000    93.938884    139.72697   -15.673089    1.0887097 
   26100    93.938408    139.72626   -15.672381    1.0887195 
   26200     93.93793    139.72555   -15.671671    1.0887295 
   26300    93.937451    139.72484   -15.670958    1.0887397 
   26400     93.93697    139.72412   -15.670242    1.0887499 
   26500    93.936486     139.7234   -15.669523    1.0887604 
   26600    93.936001    139.72268   -15.668801     1.088771 
   26700    93.935514    139.72196   -15.668077    1.0887817 
   26800    93.935025    139.72123   -15.667349    1.0887926 
   26900    93.934534     139.7205   -15.666619    1.0888036 
   27000    93.934041    139.71977   -15.665886    1.0888148 
   27100    93.933546    139.71903    -15.66515    1.0888262 
   27200     93.93305    139.71829   -15.664412    1.0888377 
   27300    93.932551    139.71755    -15.66367    1.0888494 
   27400    93.932051    139.71681   -15.662926    1.0888612 
   27500    93.931548    139.71606   -15.662178    1.0888731 
   27600    93.931044    139.71531   -15.661428    1.0888853 
   27700    93.930538    139.71456   -15.660675    1.0888975 
   27800     93.93003     139.7138    -15.65992      1.08891 
   27900     93.92952    139.71304   -15.659161    1.0889225 
   28000    93.929008    139.71228   -15.658399    1.0889353 
   28100    93.928494    139.71152   -15.657635    1.0889481 
   28200    93.927978    139.71075   -15.656868    1.0889612 
   28300     93.92746    139.70998   -15.656098    1.0889744 
   28400    93.926941    139.70921   -15.655325    1.0889877 
   28500    93.926419    139.70843   -15.654549    1.0890012 
   28600    93.925896    139.70765    -15.65377    1.0890149 
   28700     93.92537    139.70687   -15.652989    1.0890287 
   28800    93.924843    139.70609   -15.652204    1.0890426 
   28900    93.924314     139.7053   -15.651417    1.0890567 
   29000    93.923782    139.70451   -15.650627     1.089071 
   29100    93.923249    139.70372   -15.649834    1.0890854 
   29200    93.922714    139.70292   -15.649038       1.0891 
   29300    93.922177    139.70212   -15.648239    1.0891147 
   29400    93.921638    139.70132   -15.647438    1.0891296 
   29500    93.921097    139.70051   -15.646633    1.0891446 
   29600    93.920555    139.69971   -15.645826    1.0891598 
   29700     93.92001     139.6989   -15.645016    1.0891751 
   29800    93.919463    139.69808   -15.644202    1.0891906 
   29900    93.918915    139.69727   -15.643386    1.0892063 
   30000    93.918364    139.69645   -15.642568    1.0892221 
   30100    93.917812    139.69563   -15.641746     1.089238 
   30200    93.917257     139.6948   -15.640921    1.0892541 
   30300    93.916701    139.69397   -15.640094    1.0892704 
   30400    93.916142    139.69314   -15.639263    1.0892868 
   30500    93.915582    139.69231    -15.63843    1.0893034 
   30600     93.91502    139.69147   -15.637593    1.0893201 
   30700    93.914456    139.69064   -15.636754     1.089337 
   30800     93.91389    139.68979   -15.635912     1.089354 
   30900    93.913322    139.68895   -15.635067    1.0893712 
   31000    93.912752     139.6881    -15.63422    1.0893886 
   31100     93.91218    139.68725   -15.633369    1.0894061 
   31200    93.911606     139.6864   -15.632515    1.0894237 
   31300     93.91103    139.68554   -15.631659    1.0894415 
   31400    93.910452    139.68468   -15.630799    1.0894595 
   31500    93.909872    139.68382   -15.629937    1.0894776 
   31600    93.909291    139.68295   -15.629072    1.0894958 
   31700    93.908707    139.68208   -15.628204    1.0895143 
   31800    93.908121    139.68121   -15.627333    1.0895328 
   31900    93.907534    139.68034   -15.626459    1.0895516 
   32000    93.906944    139.67946   -15.625582    1.0895705 
   32100    93.906353    139.67858   -15.624702    1.0895895 
   32200    93.905759     139.6777   -15.623819    1.0896087 
   32300    93.905164    139.67681   -15.622934     1.089628 
   32400    93.904567    139.67593   -15.622045    1.0896475 
   32500    93.903967    139.67503   -15.621153    1.0896672 
   32600    93.903366    139.67414   -15.620259     1.089687 
   32700    93.902763    139.67324   -15.619362     1.089707 
   32800    93.902157    139.67234   -15.618462    1.0897271 
   32900     93.90155    139.67144   -15.617558    1.0897474 
   33000    93.900941    139.67053   -15.616652    1.0897678 
   33100     93.90033    139.66962   -15.615743    1.0897884 
   33200    93.899717    139.66871   -15.614831    1.0898092 
   33300    93.899102     139.6678   -15.613916    1.0898301 
   33400    93.898485    139.66688   -15.612998    1.0898511 
   33500    93.897866    139.66596   -15.612078    1.0898723 
   33600    93.897244    139.66504   -15.611154    1.0898937 
   33700    93.896621    139.66411   -15.610227    1.0899152 
   33800    93.895997    139.66318   -15.609298    1.0899369 
   33900     93.89537    139.66225   -15.608365    1.0899587 
   34000    93.894741    139.66131    -15.60743    1.0899807 
   34100     93.89411    139.66037   -15.606491    1.0900028 
   34200    93.893477    139.65943    -15.60555    1.0900251 
   34300    93.892842    139.65849   -15.604605    1.0900476 
   34400    93.892205    139.65754   -15.603658    1.0900702 
   34500    93.891566    139.65659   -15.602708    1.0900929 
   34600    93.890925    139.65564   -15.601755    1.0901158 
   34700    93.890282    139.65468   -15.600798    1.0901389 
   34800    93.889638    139.65372   -15.599839    1.0901621 
   34900    93.888991    139.65276   -15.598877    1.0901855 
   35000    93.888342    139.65179   -15.597912    1.0902091 
   35100    93.887691    139.65083   -15.596944    1.0902328 
   35200    93.887038    139.64985   -15.595973    1.0902566 
   35300    93.886384    139.64888   -15.594999    1.0902806 
   35400    93.885727     139.6479   -15.594022    1.0903048 
   35500    93.885068    139.64692   -15.593042    1.0903291 
   35600    93.884407    139.64594   -15.592059    1.0903536 
   35700    93.883744    139.64495   -15.591074    1.0903782 
   35800     93.88308    139.64397   -15.590085     1.090403 
   35900    93.882413    139.64297   -15.589093    1.0904279 
   36000    93.881744    139.64198   -15.588098     1.090453 
   36100    93.881073    139.64098     -15.5871    1.0904783 
   36200      93.8804    139.63998     -15.5861    1.0905037 
   36300    93.879726    139.63898   -15.585096    1.0905292 
   36400    93.879049    139.63797   -15.584089    1.0905549 
   36500     93.87837    139.63696   -15.583079    1.0905808 
   36600    93.877689    139.63595   -15.582067    1.0906069 
   36700    93.877006    139.63493   -15.581051     1.090633 
   36800    93.876321    139.63391   -15.580032    1.0906594 
   36900    93.875635    139.63289   -15.579011    1.0906859 
   37000    93.874946    139.63187   -15.577986    1.0907125 
   37100    93.874255    139.63084   -15.576958    1.0907394 
   37200    93.873562    139.62981   -15.575928    1.0907663 
   37300    93.872867    139.62878   -15.574894    1.0907934 
   37400     93.87217    139.62774   -15.573857    1.0908207 
   37500    93.871471     139.6267   -15.572818    1.0908482 
   37600     93.87077    139.62566   -15.571775    1.0908758 
   37700    93.870067    139.62461   -15.570729    1.0909035 
   37800    93.869362    139.62356   -15.569681    1.0909314 
   37900    93.868655    139.62251   -15.568629    1.0909595 
   38000    93.867946    139.62146   -15.567574    1.0909877 
   38100    93.867235     139.6204   -15.566517    1.0910161 
   38200    93.866522    139.61934   -15.565456    1.0910446 
   38300    93.865806    139.61827   -15.564392    1.0910733 
   38400    93.865089    139.61721   -15.563325    1.0911022 
   38500     93.86437    139.61614   -15.562256    1.0911312 
   38600    93.863649    139.61506   -15.561183    1.0911603 
   38700    93.862925    139.61399   -15.560107    1.0911896 
   38800      93.8622    139.61291   -15.559028    1.0912191 
   38900    93.861473    139.61183   -15.557946    1.0912487 
   39000    93.860743    139.61074   -15.556861    1.0912785 
   39100    93.860012    139.60965   -15.555773    1.0913085 
   39200    93.859278    139.60856   -15.554682    1.0913386 
   39300    93.858543    139.60747   -15.553588    1.0913688 
   39400    93.857805    139.60637   -15.552491    1.0913992 
   39500    93.857066    139.60527   -15.551391    1.0914298 
   39600    93.856324    139.60417   -15.550288    1.0914605 
   39700     93.85558    139.60306   -15.549182    1.0914914 
   39800    93.854835    139.60195   -15.548072    1.0915225 
   39900    93.854087    139.60084    -15.54696    1.0915537 
   40000    93.853337    139.59973   -15.545845     1.091585 
   40100    93.852585    139.59861   -15.544726    1.0916165 
   40200    93.851831    139.59749   -15.543605    1.0916482 
   40300    93.851075    139.59636   -15.542481      1.09168 
   40400    93.850317    139.59523   -15.541353     1.091712 
   40500    93.849557     139.5941   -15.540223    1.0917442 
   40600    93.848795    139.59297   -15.539089    1.0917764 
   40700    93.848031    139.59183   -15.537952    1.0918089 
   40800    93.847265    139.59069   -15.536812    1.0918415 
   40900    93.846496    139.58955    -15.53567    1.0918743 
   41000    93.845726    139.58841   -15.534524    1.0919072 
   41100    93.844953    139.58726   -15.533375    1.0919403 
   41200    93.844179     139.5861   -15.532223    1.0919735 
   41300    93.843402    139.58495   -15.531068    1.0920069 
   41400    93.842624    139.58379    -15.52991    1.0920405 
   41500    93.841843    139.58263   -15.528748    1.0920742 
   41600     93.84106    139.58147   -15.527584    1.0921081 
   41700    93.840276     139.5803   -15.526417    1.0921421 
   41800    93.839489    139.57913   -15.525246    1.0921763 
   41900      93.8387    139.57795   -15.524073    1.0922106 
   42000    93.837909    139.57678   -15.522896    1.0922451 
   42100    93.837116     139.5756   -15.521717    1.0922798 
   42200     93.83632    139.57442   -15.520534    1.0923146 
   42300    93.835523    139.57323   -15.519348    1.0923496 
   42400    93.834724    139.57204   -15.518159    1.0923847 
   42500    93.833922    139.57085   -15.516967      1.09242 
   42600    93.833119    139.56965   -15.515772    1.0924555 
   42700    93.832313    139.56846   -15.514574    1.0924911 
   42800    93.831506    139.56725   -15.513373    1.0925268 
   42900    93.830696    139.56605   -15.512168    1.0925627 
   43000    93.829884    139.56484   -15.510961    1.0925988 
   43100    93.829071    139.56363    -15.50975    1.0926351 
   43200    93.828255    139.56242   -15.508537    1.0926715 
   43300    93.827437     139.5612    -15.50732     1.092708 
   43400    93.826616    139.55998     -15.5061    1.0927447 
   43500    93.825794    139.55876   -15.504877    1.0927816 
   43600     93.82497    139.55753   -15.503651    1.0928186 
   43700    93.824144     139.5563   -15.502422    1.0928558 
   43800    93.823315    139.55507    -15.50119    1.0928931 
   43900    93.822485    139.55384   -15.499954    1.0929306 
   44000    93.821652     139.5526   -15.498716    1.0929683 
   44100    93.820817    139.55136   -15.497474    1.0930061 
   44200     93.81998    139.55011   -15.496229     1.093044 
   44300    93.819141    139.54886   -15.494982    1.0930822 
   44400      93.8183    139.54761   -15.493731    1.0931205 
   44500    93.817457    139.54636   -15.492477    1.0931589 
   44600    93.816612     139.5451   -15.491219    1.0931975 
   44700    93.815765    139.54384   -15.489959    1.0932363 
   44800    93.814915    139.54258   -15.488696    1.0932752 
   44900    93.814064    139.54131   -15.487429    1.0933143 
   45000     93.81321    139.54004   -15.486159    1.0933535 
   45100    93.812355    139.53877   -15.484887    1.0933929 
   45200    93.811497    139.53749   -15.483611    1.0934324 
   45300    93.810637    139.53621   -15.482332    1.0934721 
   45400    93.809775    139.53493   -15.481049     1.093512 
   45500    93.808911    139.53365   -15.479764     1.093552 
   45600    93.808044    139.53236   -15.478476    1.0935922 
   45700    93.807176    139.53107   -15.477184    1.0936325 
   45800    93.806306    139.52977   -15.475889     1.093673 
   45900    93.805433    139.52847   -15.474591    1.0937137 
   46000    93.804558    139.52717    -15.47329    1.0937545 
   46100    93.803682    139.52587   -15.471986    1.0937955 
   46200    93.802803    139.52456   -15.470679    1.0938366 
   46300    93.801922    139.52325   -15.469368    1.0938779 
   46400    93.801039    139.52194   -15.468055    1.0939193 
   46500    93.800153    139.52062   -15.466738    1.0939609 
   46600    93.799266     139.5193   -15.465418    1.0940027 
   46700    93.798376    139.51798   -15.464095    1.0940446 
   46800    93.797485    139.51665   -15.462769    1.0940867 
   46900    93.796591    139.51532    -15.46144    1.0941289 
   47000    93.795695    139.51399   -15.460107    1.0941713 
   47100    93.794797    139.51265   -15.458771    1.0942138 
   47200    93.793897    139.51131   -15.457433    1.0942566 
   47300    93.792995    139.50997   -15.456091    1.0942994 
   47400    93.792091    139.50863   -15.454745    1.0943424 
   47500    93.791184    139.50728   -15.453397    1.0943856 
   47600    93.790276    139.50593   -15.452046     1.094429 
   47700    93.789365    139.50457   -15.450691    1.0944725 
   47800    93.788452    139.50321   -15.449333    1.0945161 
   47900    93.787537    139.50185   -15.447972    1.0945599 
   48000     93.78662    139.50049   -15.446608    1.0946039 
   48100    93.785701    139.49912   -15.445241     1.094648 
   48200    93.784779    139.49775   -15.443818    1.0946935 
   48300    93.783856    139.49638   -15.442444     1.094738 
   48400     93.78293      139.495   -15.441068    1.0947826 
   48500    93.782002    139.49362   -15.439688    1.0948273 
   48600    93.781072    139.49224   -15.438304    1.0948723 
   48700     93.78014    139.49085   -15.436918    1.0949173 
   48800    93.779206    139.48946   -15.435529    1.0949626 
   48900     93.77827    139.48807   -15.434136     1.095008 
   49000    93.777331    139.48667    -15.43274    1.0950535 
   49100    93.776391    139.48527   -15.431341    1.0950992 
   49200    93.775448    139.48387   -15.429939    1.0951451 
   49300    93.774503    139.48247   -15.428533    1.0951911 
   49400    93.773556    139.48106   -15.427125    1.0952373 
   49500    93.772607    139.47965   -15.425713    1.0952836 
   49600    93.771656    139.47823   -15.424298    1.0953301 
   49700    93.770702    139.47681    -15.42288    1.0953768 
   49800    93.769747    139.47539   -15.421458    1.0954236 
   49900    93.768789    139.47397   -15.420034    1.0954705 
   50000    93.767829    139.47254   -15.418606    1.0955177 
   50100    93.766867    139.47111   -15.417175    1.0955649 
   50200    93.765903    139.46967   -15.415741    1.0956124 
   50300    93.764937    139.46824   -15.414303      1.09566 
   50400    93.763968     139.4668   -15.412863    1.0957077 
   50500    93.762997    139.46535   -15.411419    1.0957557 
   50600    93.762025    139.46391   -15.409972    1.0958037 
   50700     93.76105    139.46246   -15.408522     1.095852 
   50800    93.760073      139.461   -15.407069    1.0959003 
   50900    93.759093    139.45955   -15.405612    1.0959489 
   51000    93.758112    139.45809   -15.404153    1.0959976 
   51100    93.757129    139.45662    -15.40269    1.0960464 
   51200    93.756143    139.45516   -15.401223    1.0960955 
   51300    93.755155    139.45369   -15.399754    1.0961446 
   51400    93.754165    139.45222   -15.398281     1.096194 
   51500    93.753173    139.45074   -15.396806    1.0962434 
   51600    93.752178    139.44926   -15.395327    1.0962931 
   51700    93.751182    139.44778   -15.393845    1.0963429 
   51800    93.750183    139.44629   -15.392359    1.0963928 
   51900    93.749183     139.4448    -15.39087     1.096443 
   52000     93.74818    139.44331   -15.389379    1.0964932 
   52100    93.747174    139.44182   -15.387884    1.0965437 
   52200    93.746167    139.44032   -15.386385    1.0965943 
   52300    93.745158    139.43882   -15.384884     1.096645 
   52400    93.744146    139.43731   -15.383379    1.0966959 
   52500    93.743132     139.4358   -15.381871     1.096747 
   52600    93.742116    139.43429    -15.38036    1.0967982 
   52700    93.741098    139.43278   -15.378846    1.0968495 
   52800    93.740078    139.43126   -15.377328    1.0969011 
   52900    93.739056    139.42974   -15.375807    1.0969528 
   53000    93.738031    139.42822   -15.374283    1.0970046 
   53100    93.737004    139.42669   -15.372756    1.0970566 
   53200    93.735975    139.42516   -15.371226    1.0971088 
   53300    93.734944    139.42363   -15.369692    1.0971611 
   53400    93.733911    139.42209   -15.368155    1.0972135 
   53500    93.732875    139.42055   -15.366615    1.0972662 
   53600    93.731838    139.41901   -15.365072    1.0973189 
   53700    93.730798    139.41746   -15.363525    1.0973719 
   53800    93.729756    139.41591   -15.361975     1.097425 
   53900    93.728712    139.41436   -15.360422    1.0974782 
   54000    93.727666     139.4128   -15.358866    1.0975316 
   54100    93.726617    139.41124   -15.357306    1.0975852 
   54200    93.725567    139.40968   -15.355744    1.0976389 
   54300    93.724514    139.40811   -15.354178    1.0976928 
   54400    93.723459    139.40654   -15.352608    1.0977468 
   54500    93.722402    139.40497   -15.351036     1.097801 
   54600    93.721342    139.40339    -15.34946    1.0978554 
   54700    93.720281    139.40182   -15.347881    1.0979099 
   54800    93.719217    139.40023   -15.346299    1.0979645 
   54900    93.718151    139.39865   -15.344714    1.0980193 
   55000    93.717083    139.39706   -15.343125    1.0980743 
   55100    93.716013    139.39547   -15.341534    1.0981294 
   55200    93.714941    139.39387   -15.339938    1.0981847 
   55300    93.713866    139.39227    -15.33834    1.0982401 
   55400     93.71279    139.39067   -15.336739    1.0982957 
   55500    93.711711    139.38907   -15.335134    1.0983515 
   55600     93.71063    139.38746   -15.333526    1.0984074 
   55700    93.709546    139.38585   -15.331915    1.0984634 
   55800    93.708461    139.38423     -15.3303    1.0985196 
   55900    93.707373    139.38262   -15.328682     1.098576 
   56000    93.706283      139.381   -15.327061    1.0986325 
   56100    93.705192    139.37937   -15.325437    1.0986892 
   56200    93.704097    139.37774    -15.32381     1.098746 
   56300    93.703001    139.37611   -15.322179     1.098803 
   56400    93.701903    139.37448   -15.320545    1.0988602 
   56500    93.700802    139.37284   -15.318908    1.0989175 
   56600    93.699699     139.3712   -15.317268    1.0989749 
   56700    93.698594    139.36956   -15.315624    1.0990325 
   56800    93.697487    139.36791   -15.313977    1.0990903 
   56900    93.696377    139.36626   -15.312327    1.0991482 
   57000    93.695266    139.36461   -15.310674    1.0992063 
   57100    93.694152    139.36295   -15.309017    1.0992645 
   57200    93.693036    139.36129   -15.307357    1.0993229 
   57300    93.691918    139.35963   -15.305694    1.0993814 
   57400    93.690798    139.35796   -15.304028    1.0994401 
   57500    93.689675    139.35629   -15.302411    1.0994977 
   57600    93.688551    139.35462   -15.300738    1.0995567 
   57700    93.687424    139.35294   -15.299062    1.0996158 
   57800    93.686295    139.35126   -15.297383    1.0996751 
   57900    93.685164    139.34958     -15.2957    1.0997346 
   58000    93.684031     139.3479   -15.294014    1.0997942 
   58100    93.682895    139.34621   -15.292325    1.0998539 
   58200    93.681757    139.34451   -15.290633    1.0999139 
   58300    93.680617    139.34282   -15.288937    1.0999739 
   58400    93.679475    139.34112   -15.287239    1.1000342 
   58500    93.678331    139.33942   -15.285537    1.1000945 
   58600    93.677185    139.33771   -15.283832    1.1001551 
   58700    93.676036      139.336   -15.282123    1.1002157 
   58800    93.674885    139.33429   -15.280411    1.1002766 
   58900    93.673732    139.33258   -15.278749    1.1003363 
   59000    93.672577    139.33086   -15.277031    1.1003975 
   59100     93.67142    139.32914   -15.275309    1.1004588 
   59200     93.67026    139.32741   -15.273585    1.1005202 
   59300    93.669099    139.32569   -15.271857    1.1005818 
   59400    93.667935    139.32395   -15.270126    1.1006435 
   59500    93.666769    139.32222   -15.268391    1.1007054 
   59600    93.665601    139.32048   -15.266706    1.1007663 
   59700     93.66443    139.31874   -15.264965    1.1008285 
   59800    93.663258      139.317   -15.263221    1.1008908 
   59900    93.662083    139.31525   -15.261474    1.1009533 
   60000    93.660906     139.3135   -15.259724     1.101016 
   60100    93.659727    139.31175    -15.25797    1.1010788 
   60200    93.658546    139.30999   -15.256213    1.1011418 
   60300    93.657363    139.30823   -15.254453    1.1012049 
   60400    93.656177    139.30647   -15.252689    1.1012681 
   60500    93.654989     139.3047   -15.250922    1.1013315 
   60600    93.653799    139.30293   -15.249152    1.1013951 
   60700    93.652607    139.30116   -15.247379    1.1014588 
   60800    93.651413    139.29938   -15.245603    1.1015227 
   60900    93.650216     139.2976   -15.243823    1.1015867 
   61000    93.649018    139.29582    -15.24204    1.1016509 
   61100    93.647817    139.29403   -15.240254    1.1017152 
   61200    93.646614    139.29224   -15.238465    1.1017797 
   61300    93.645409    139.29045   -15.236673    1.1018443 
   61400    93.644202    139.28865   -15.234877     1.101909 
   61500    93.642992    139.28685   -15.233078     1.101974 
   61600    93.641781    139.28505   -15.231276     1.102039 
   61700    93.640567    139.28325    -15.22947    1.1021043 
   61800    93.639351    139.28144   -15.227661    1.1021696 
   61900    93.638133    139.27963    -15.22585    1.1022351 
   62000    93.636912    139.27781   -15.224035    1.1023008 
   62100     93.63569    139.27599   -15.222216    1.1023666 
   62200    93.634465    139.27417   -15.220395    1.1024326 
   62300    93.633239    139.27235    -15.21857    1.1024987 
   62400     93.63201    139.27052   -15.216742    1.1025649 
   62500    93.630779    139.26869   -15.214911    1.1026313 
   62600    93.629545    139.26685   -15.213076    1.1026979 
   62700     93.62831    139.26502   -15.211239    1.1027646 
   62800    93.627072    139.26317   -15.209398    1.1028315 
   62900    93.625833    139.26133   -15.207554    1.1028984 
   63000    93.624591    139.25948   -15.205707    1.1029656 
   63100    93.623347    139.25763   -15.203856    1.1030329 
   63200      93.6221    139.25578   -15.202003    1.1031003 
   63300    93.620852    139.25392   -15.200146    1.1031679 
   63400    93.619602    139.25206   -15.198286    1.1032356 
   63500    93.618349     139.2502   -15.196423    1.1033035 
   63600    93.617094    139.24833   -15.194556    1.1033716 
   63700    93.615837    139.24646   -15.192686    1.1034397 
   63800    93.614578    139.24459   -15.190814    1.1035081 
   63900    93.613317    139.24271   -15.188938    1.1035765 
   64000    93.612053    139.24083   -15.187058    1.1036451 
   64100    93.610788    139.23895   -15.185176    1.1037139 
   64200     93.60952    139.23707    -15.18329    1.1037828 
   64300     93.60825    139.23518   -15.181402    1.1038518 
   64400    93.606978    139.23329    -15.17951     1.103921 
   64500    93.605704    139.23139   -15.177614    1.1039904 
   64600    93.604428    139.22949   -15.175716    1.1040599 
   64700    93.603149    139.22759   -15.173814    1.1041295 
   64800    93.601869    139.22569    -15.17191    1.1041993 
   64900    93.600586    139.22378   -15.170002    1.1042692 
   65000    93.599301    139.22187   -15.168091    1.1043392 
   65100    93.598014    139.21995   -15.166176    1.1044094 
   65200    93.596725    139.21804   -15.164259    1.1044798 
   65300    93.595434    139.21611   -15.162338    1.1045503 
   65400    93.594141    139.21419   -15.160415    1.1046209 
   65500    93.592845    139.21226   -15.158488    1.1046917 
   65600    93.591548    139.21033   -15.156558    1.1047626 
   65700    93.590248     139.2084   -15.154624    1.1048337 
   65800    93.588946    139.20646   -15.152688    1.1049049 
   65900    93.587642    139.20452   -15.150748    1.1049763 
   66000    93.586336    139.20258   -15.148806    1.1050477 
   66100    93.585028    139.20064    -15.14686    1.1051194 
   66200    93.583717    139.19869   -15.144911    1.1051912 
   66300    93.582405    139.19674   -15.142959    1.1052631 
   66400     93.58109    139.19478   -15.141003    1.1053351 
   66500    93.579774    139.19282   -15.139045    1.1054073 
   66600    93.578455    139.19086   -15.137083    1.1054797 
   66700    93.577134    139.18889   -15.135118    1.1055522 
   66800    93.575811    139.18693   -15.133151    1.1056248 
   66900    93.574486    139.18496   -15.131179    1.1056975 
   67000    93.573158    139.18298   -15.129205    1.1057705 
   67100    93.571829      139.181    -15.12728    1.1058423 
   67200    93.570498    139.17902     -15.1253    1.1059154 
   67300    93.569164    139.17704   -15.123317    1.1059888 
   67400    93.567829    139.17505    -15.12133    1.1060622 
   67500    93.566491    139.17306   -15.119288    1.1061371 
   67600    93.565151    139.17107   -15.117295    1.1062108 
   67700    93.563809    139.16908   -15.115299    1.1062847 
   67800    93.562465    139.16708     -15.1133    1.1063587 
   67900    93.561119    139.16507   -15.111298    1.1064328 
   68000    93.559771    139.16307   -15.109292    1.1065071 
   68100    93.558421    139.16106   -15.107284    1.1065816 
   68200    93.557068    139.15905   -15.105272    1.1066561 
   68300    93.555714    139.15703   -15.103258    1.1067308 
   68400    93.554357    139.15502    -15.10124    1.1068057 
   68500    93.552999      139.153   -15.099219    1.1068807 
   68600    93.551638    139.15097   -15.097195    1.1069558 
   68700    93.550275    139.14894   -15.095168     1.107031 
   68800     93.54891    139.14691   -15.093138    1.1071064 
   68900    93.547544    139.14488   -15.091105    1.1071819 
   69000    93.546175    139.14285   -15.089069    1.1072576 
   69100    93.544804    139.14081    -15.08703    1.1073334 
   69200    93.543431    139.13876   -15.084987    1.1074093 
   69300    93.542056    139.13672   -15.082942    1.1074854 
   69400    93.540678    139.13467   -15.080894    1.1075616 
   69500    93.539299    139.13262   -15.078842    1.1076379 
   69600    93.537918    139.13056   -15.076788    1.1077144 
   69700    93.536535    139.12851    -15.07473     1.107791 
   69800    93.535149    139.12645   -15.072669    1.1078677 
   69900    93.533762    139.12438   -15.070606    1.1079446 
   70000    93.532372    139.12232   -15.068539    1.1080215 
   70100    93.530981    139.12025   -15.066469    1.1080987 
   70200    93.529587    139.11817   -15.064396    1.1081759 
   70300    93.528192     139.1161   -15.062321    1.1082533 
   70400    93.526794    139.11402   -15.060242    1.1083309 
   70500    93.525394    139.11194    -15.05816    1.1084085 
   70600    93.523993    139.10985   -15.056075    1.1084863 
   70700    93.522589    139.10776   -15.053987    1.1085642 
   70800    93.521183    139.10567   -15.051896    1.1086423 
   70900    93.519776    139.10358   -15.049802    1.1087204 
   71000    93.518366    139.10148   -15.047653       1.1088 
   71100    93.516954    139.09938   -15.045553    1.1088784 
   71200     93.51554    139.09728    -15.04345     1.108957 
   71300    93.514125    139.09517   -15.041344    1.1090357 
   71400    93.512707    139.09306   -15.039236    1.1091145 
   71500    93.511287    139.09095   -15.037124    1.1091935 
   71600    93.509865    139.08884   -15.035009    1.1092725 
   71700    93.508442    139.08672   -15.032891    1.1093517 
   71800    93.507016     139.0846   -15.030771    1.1094311 
   71900    93.505588    139.08248   -15.028647    1.1095105 
   72000    93.504158    139.08035    -15.02652    1.1095901 
   72100    93.502727    139.07822   -15.024391    1.1096698 
   72200    93.501293    139.07609   -15.022258    1.1097497 
   72300    93.499857    139.07395   -15.020123    1.1098297 
   72400     93.49842    139.07181   -15.017984    1.1099097 
   72500     93.49698    139.06967   -15.015843      1.10999 
   72600    93.495538    139.06753   -15.013699    1.1100703 
   72700    93.494095    139.06538   -15.011552    1.1101508 
   72800    93.492649    139.06323   -15.009402    1.1102314 
   72900    93.491202    139.06108   -15.007249    1.1103121 
   73000    93.489752    139.05892   -15.005093    1.1103929 
   73100    93.488301    139.05676   -15.002934    1.1104739 
   73200    93.486848     139.0546   -15.000772     1.110555 
   73300    93.485392    139.05244   -14.998608    1.1106362 
   73400    93.483935    139.05027    -14.99644    1.1107175 
   73500    93.482476     139.0481    -14.99427     1.110799 
   73600    93.481015    139.04593   -14.992097    1.1108805 
   73700    93.479552    139.04375    -14.98992    1.1109622 
   73800    93.478087    139.04157   -14.987741     1.111044 
   73900     93.47662    139.03939    -14.98556     1.111126 
   74000    93.475152     139.0372   -14.983375     1.111208 
   74100    93.473681    139.03502   -14.981187    1.1112902 
   74200    93.472208    139.03283   -14.978997    1.1113725 
   74300    93.470734    139.03063   -14.976804    1.1114549 
   74400    93.469257    139.02844   -14.974608    1.1115374 
   74500    93.467779    139.02624   -14.972409    1.1116201 
   74600    93.466299    139.02404   -14.970207    1.1117029 
   74700    93.464817    139.02183   -14.968003    1.1117857 
   74800    93.463333    139.01962   -14.965796    1.1118687 
   74900    93.461847    139.01741   -14.963585    1.1119519 
   75000    93.460359     139.0152   -14.961373    1.1120351 
   75100     93.45887    139.01299   -14.959157    1.1121185 
   75200    93.457378    139.01077   -14.956938    1.1122019 
   75300    93.455885    139.00855   -14.954717    1.1122855 
   75400     93.45439    139.00632   -14.952493    1.1123692 
   75500    93.452892     139.0041   -14.950266     1.112453 
   75600    93.451394    139.00187   -14.948037    1.1125369 
   75700    93.449893    138.99963   -14.945804     1.112621 
   75800     93.44839     138.9974   -14.943569    1.1127051 
   75900    93.446886    138.99516   -14.941332    1.1127894 
   76000    93.445379    138.99292   -14.939091    1.1128738 
   76100    93.443871    138.99068   -14.936848    1.1129583 
   76200    93.442361    138.98843   -14.934602    1.1130428 
   76300    93.440849    138.98618   -14.932353    1.1131276 
   76400    93.439336    138.98393   -14.930102    1.1132124 
   76500     93.43782    138.98168   -14.927848    1.1132973 
   76600    93.436303    138.97942   -14.925591    1.1133824 
   76700    93.434784    138.97716   -14.923332    1.1134675 
   76800    93.433263     138.9749   -14.921069    1.1135528 
   76900    93.431741    138.97263   -14.918805    1.1136381 
   77000    93.430216    138.97037   -14.916537    1.1137236 
   77100     93.42869     138.9681   -14.914267    1.1138092 
   77200    93.427162    138.96582   -14.911994    1.1138949 
   77300    93.425632    138.96355   -14.909719    1.1139807 
   77400    93.424101    138.96127   -14.907441    1.1140666 
   77500    93.422567    138.95899    -14.90516    1.1141526 
   77600    93.421032    138.95671   -14.902877    1.1142387 
   77700    93.419495    138.95442   -14.900591    1.1143249 
   77800    93.417957    138.95213   -14.898302    1.1144113 
   77900    93.416416    138.94984   -14.896011    1.1144977 
   78000    93.414874    138.94755   -14.893717    1.1145842 
   78100     93.41333    138.94525   -14.891421    1.1146709 
   78200    93.411785    138.94295   -14.889122    1.1147576 
   78300    93.410238    138.94065   -14.886821    1.1148444 
   78400    93.408689    138.93835   -14.884516    1.1149314 
   78500    93.407138    138.93604   -14.882262    1.1150172 
   78600    93.405585    138.93373   -14.879953    1.1151043 
   78700    93.404031    138.93142   -14.877641    1.1151916 
   78800    93.402475     138.9291   -14.875327    1.1152789 
   78900    93.400918    138.92679   -14.873011    1.1153664 
   79000    93.399359    138.92447   -14.870691    1.1154539 
   79100    93.397798    138.92215    -14.86837    1.1155416 
   79200    93.396235    138.91982   -14.866045    1.1156293 
   79300    93.394671     138.9175   -14.863719    1.1157171 
   79400    93.393105    138.91517   -14.861389    1.1158051 
   79500    93.391537    138.91283   -14.859058    1.1158931 
   79600    93.389968     138.9105   -14.856723    1.1159812 
   79700    93.388397    138.90816   -14.854387    1.1160695 
   79800    93.386825    138.90582   -14.852048    1.1161578 
   79900     93.38525    138.90348   -14.849706    1.1162462 
   80000    93.383675    138.90114   -14.847362    1.1163347 
   80100    93.382097    138.89879   -14.845016    1.1164233 
   80200    93.380518    138.89644   -14.842667     1.116512 
   80300    93.378937    138.89409   -14.840316    1.1166008 
   80400    93.377355    138.89174   -14.837962    1.1166897 
   80500    93.375771    138.88938   -14.835606    1.1167786 
   80600    93.374186    138.88702   -14.833248    1.1168677 
   80700    93.372598    138.88466   -14.830887    1.1169568 
   80800     93.37101     138.8823   -14.828524    1.1170461 
   80900    93.369419    138.87994   -14.826159    1.1171354 
   81000    93.367828    138.87757   -14.823791    1.1172248 
   81100    93.366234     138.8752   -14.821421    1.1173143 
   81200    93.364639    138.87283   -14.819049    1.1174039 
   81300    93.363043    138.87045   -14.816674    1.1174936 
   81400    93.361445    138.86807   -14.814297    1.1175834 
   81500    93.359845    138.86569   -14.811918    1.1176732 
   81600    93.358244    138.86331   -14.809536    1.1177632 
   81700    93.356641    138.86093   -14.807152    1.1178532 
   81800    93.355037    138.85854   -14.804766    1.1179433 
   81900    93.353431    138.85615   -14.802377    1.1180335 
   82000    93.351824    138.85376   -14.799987    1.1181238 
   82100    93.350215    138.85137   -14.797594    1.1182142 
   82200    93.348605    138.84898   -14.795199    1.1183046 
   82300    93.346993    138.84658   -14.792801    1.1183951 
   82400     93.34538    138.84418   -14.790402    1.1184857 
   82500    93.343765    138.84178      -14.788    1.1185764 
   82600    93.342149    138.83937   -14.785596    1.1186672 
   82700    93.340531    138.83697    -14.78319     1.118758 
   82800    93.338912    138.83456   -14.780782    1.1188489 
   82900    93.337292    138.83215   -14.778371    1.1189399 
   83000     93.33567    138.82974   -14.775959     1.119031 
   83100    93.334046    138.82732   -14.773544    1.1191222 
   83200    93.332421     138.8249   -14.771127    1.1192134 
   83300    93.330795    138.82248   -14.768708    1.1193047 
   83400    93.329167    138.82006   -14.766287    1.1193961 
   83500    93.327538    138.81764   -14.763864    1.1194876 
   83600    93.325908    138.81522   -14.761439    1.1195791 
   83700    93.324276    138.81279   -14.759011    1.1196707 
   83800    93.322643    138.81036   -14.756582    1.1197624 
   83900    93.321008    138.80793   -14.754098    1.1198554 
   84000    93.319372    138.80549   -14.751665    1.1199472 
   84100    93.317735    138.80306   -14.749229    1.1200391 
   84200    93.316096    138.80062   -14.746792     1.120131 
   84300    93.314456    138.79818   -14.744352    1.1202231 
   84400    93.312814    138.79574   -14.741911    1.1203152 
   84500    93.311172     138.7933   -14.739467    1.1204073 
   84600    93.309528    138.79085   -14.737022    1.1204996 
   84700    93.307882     138.7884   -14.734574    1.1205919 
   84800    93.306235    138.78595   -14.732125    1.1206843 
   84900    93.304587     138.7835   -14.729674    1.1207767 
   85000    93.302938    138.78105   -14.727221    1.1208692 
   85100    93.301288    138.77859   -14.724765    1.1209618 
   85200    93.299636    138.77614   -14.722308    1.1210544 
   85300    93.297982    138.77368   -14.719849    1.1211471 
   85400    93.296328    138.77122   -14.717389    1.1212399 
   85500    93.294672    138.76875   -14.714926    1.1213327 
   85600    93.293015    138.76629   -14.712461    1.1214256 
   85700    93.291357    138.76382   -14.709995    1.1215185 
   85800    93.289698    138.76136   -14.707527    1.1216115 
   85900    93.288037    138.75889   -14.705057    1.1217046 
   86000    93.286375    138.75641   -14.702585    1.1217977 
   86100    93.284712    138.75394   -14.700111    1.1218909 
   86200    93.283048    138.75146   -14.697636    1.1219841 
   86300    93.281383    138.74899   -14.695159    1.1220774 
   86400    93.279716    138.74651    -14.69268    1.1221708 
   86500    93.278048    138.74403   -14.690199    1.1222642 
   86600    93.276379    138.74155   -14.687717    1.1223576 
   86700    93.274709    138.73906   -14.685232    1.1224511 
   86800    93.273038    138.73658   -14.682747    1.1225447 
   86900    93.271366    138.73409   -14.680259    1.1226383 
   87000    93.269692     138.7316    -14.67777     1.122732 
   87100    93.268017    138.72911   -14.675279    1.1228257 
   87200    93.266342    138.72662   -14.672786    1.1229195 
   87300    93.264665    138.72412   -14.670292    1.1230133 
   87400    93.262987    138.72163   -14.667796    1.1231072 
   87500    93.261308    138.71913   -14.665351    1.1231999 
   87600    93.259628    138.71663   -14.662852    1.1232938 
   87700    93.257947    138.71413   -14.660351    1.1233879 
   87800    93.256264    138.71163   -14.657849    1.1234819 
   87900    93.254581    138.70912   -14.655345     1.123576 
   88000    93.252897    138.70662    -14.65284    1.1236702 
   88100    93.251211    138.70411   -14.650333    1.1237644 
   88200    93.249525     138.7016   -14.647825    1.1238586 
   88300    93.247837    138.69909   -14.645315    1.1239529 
   88400    93.246149    138.69658   -14.642803    1.1240472 
   88500    93.244459    138.69407    -14.64029    1.1241416 
   88600    93.242769    138.69155   -14.637776     1.124236 
   88700    93.241078    138.68904    -14.63526    1.1243304 
   88800    93.239385    138.68652   -14.632743    1.1244249 
   88900    93.237692      138.684   -14.630224    1.1245194 
   89000    93.235998    138.68148   -14.627704     1.124614 
   89100    93.234302    138.67896   -14.625182    1.1247086 
   89200    93.232606    138.67644   -14.622659    1.1248032 
   89300    93.230909    138.67391   -14.620135    1.1248979 
   89400    93.229211    138.67139   -14.617609    1.1249926 
   89500    93.227512    138.66886   -14.615082    1.1250874 
   89600    93.225812    138.66633   -14.612554    1.1251821 
   89700    93.224112     138.6638   -14.610024    1.1252769 
   89800     93.22241    138.66127   -14.607494    1.1253718 
   89900    93.220708    138.65874   -14.604961    1.1254666 
   90000    93.219004     138.6562   -14.602428    1.1255615 
   90100      93.2173    138.65367   -14.599893    1.1256564 
   90200    93.215595    138.65113   -14.597357    1.1257514 
   90300    93.213889     138.6486    -14.59482    1.1258464 
   90400    93.212183    138.64606   -14.592281    1.1259414 
   90500    93.210475    138.64352   -14.589742    1.1260364 
   90600    93.208767    138.64098   -14.587201    1.1261315 
   90700    93.207058    138.63844   -14.584659    1.1262265 
   90800    93.205348    138.63589   -14.582115    1.1263217 
   90900    93.203638    138.63335   -14.579571    1.1264168 
   91000    93.201926     138.6308   -14.577026    1.1265119 
   91100    93.200214    138.62826   -14.574479    1.1266071 
   91200    93.198502    138.62571   -14.571931    1.1267023 
   91300    93.196788    138.62316   -14.569383    1.1267975 
   91400    93.195074    138.62061   -14.566833    1.1268927 
   91500    93.193359    138.61806   -14.564282     1.126988 
   91600    93.191643    138.61551    -14.56173    1.1270833 
   91700    93.189927    138.61295   -14.559125    1.1271798 
   91800     93.18821     138.6104   -14.556571    1.1272751 
   91900    93.186492    138.60785   -14.554016    1.1273704 
   92000    93.184774    138.60529    -14.55146    1.1274657 
   92100    93.183055    138.60273   -14.548903     1.127561 
   92200    93.181335    138.60017   -14.546346    1.1276564 
   92300    93.179615    138.59762   -14.543787    1.1277518 
   92400    93.177894    138.59506   -14.541227    1.1278471 
   92500    93.176173     138.5925   -14.538667    1.1279425 
   92600    93.174451    138.58993   -14.536106    1.1280379 
   92700    93.172728    138.58737   -14.533543    1.1281333 
   92800    93.171005    138.58481    -14.53098    1.1282287 
   92900    93.169281    138.58225   -14.528416    1.1283241 
   93000    93.167557    138.57968   -14.525852    1.1284196 
   93100    93.165832    138.57712   -14.523286     1.128515 
   93200    93.164107    138.57455    -14.52072    1.1286104 
   93300    93.162381    138.57198   -14.518153    1.1287058 
   93400    93.160655    138.56941   -14.515585    1.1288013 
   93500    93.158928    138.56685   -14.513017    1.1288967 
   93600    93.157201    138.56428   -14.510447    1.1289921 
   93700    93.155473    138.56171   -14.507878    1.1290876 
   93800    93.153745    138.55914   -14.505307     1.129183 
   93900    93.152016    138.55656   -14.502736    1.1292784 
   94000    93.150287    138.55399   -14.500164    1.1293739 
   94100    93.148558    138.55142   -14.497591    1.1294693 
   94200    93.146828    138.54885   -14.495018    1.1295647 
   94300    93.145097    138.54627   -14.492444    1.1296601 
   94400    93.143367     138.5437    -14.48987    1.1297555 
   94500    93.141635    138.54112   -14.487295    1.1298509 
   94600    93.139904    138.53855    -14.48472    1.1299463 
   94700    93.138172    138.53597   -14.482144    1.1300417 
   94800     93.13644     138.5334   -14.479567    1.1301371 
   94900    93.134707    138.53082    -14.47699    1.1302325 
   95000    93.132975    138.52824   -14.474413    1.1303278 
   95100    93.131241    138.52566   -14.471835    1.1304231 
   95200    93.129508    138.52309   -14.469257    1.1305185 
   95300    93.127774    138.52051   -14.466678    1.1306138 
   95400     93.12604    138.51793   -14.464099    1.1307091 
   95500    93.124306    138.51535   -14.461519    1.1308043 
   95600    93.122572    138.51277   -14.458939    1.1308996 
   95700    93.120837    138.51019   -14.456359    1.1309948 
   95800    93.119102    138.50761   -14.453778    1.1310901 
   95900    93.117367    138.50503   -14.451197    1.1311853 
   96000    93.115631    138.50244   -14.448616    1.1312805 
   96100    93.113896    138.49986   -14.446034    1.1313756 
   96200     93.11216    138.49728   -14.443453    1.1314708 
   96300    93.110424     138.4947    -14.44087    1.1315659 
   96400    93.108688    138.49212   -14.438288     1.131661 
   96500    93.106952    138.48953   -14.435706     1.131756 
   96600    93.105215    138.48695   -14.433123    1.1318511 
   96700    93.103479    138.48437    -14.43054    1.1319461 
   96800    93.101742    138.48179   -14.427957    1.1320411 
   96900    93.100006     138.4792   -14.425374     1.132136 
   97000    93.098269    138.47662   -14.422791    1.1322309 
   97100    93.096532    138.47404   -14.420207    1.1323258 
   97200    93.094795    138.47145   -14.417624    1.1324207 
   97300    93.093058    138.46887    -14.41504    1.1325155 
   97400    93.091321    138.46629   -14.412457    1.1326103 
   97500    93.089584     138.4637   -14.409873    1.1327051 
   97600    93.087847    138.46112   -14.407289    1.1327998 
   97700     93.08611    138.45853   -14.404706    1.1328945 
   97800    93.084373    138.45595   -14.402122    1.1329891 
   97900    93.082636    138.45337   -14.399539    1.1330837 
   98000      93.0809    138.45078   -14.396955    1.1331783 
   98100    93.079163     138.4482   -14.394372    1.1332728 
   98200    93.077426    138.44562   -14.391788    1.1333673 
   98300    93.075689    138.44303   -14.389205    1.1334618 
   98400    93.073953    138.44045   -14.386622    1.1335562 
   98500    93.072216    138.43787   -14.384039    1.1336505 
   98600     93.07048    138.43529   -14.381456    1.1337448 
   98700    93.068744     138.4327   -14.378874    1.1338391 
   98800    93.067007    138.43012   -14.376292    1.1339333 
   98900    93.065272    138.42754    -14.37371    1.1340275 
   99000    93.063536    138.42496   -14.371128    1.1341216 
   99100      93.0618    138.42238   -14.368546    1.1342157 
   99200    93.060065    138.41979   -14.365965    1.1343097 
   99300     93.05833    138.41721   -14.363384    1.1344037 
   99400    93.056595    138.41463   -14.360803    1.1344976 
   99500     93.05486    138.41205   -14.358223    1.1345915 
   99600    93.053125    138.40947   -14.355643    1.1346853 
   99700    93.051391    138.40689   -14.353063     1.134779 
   99800    93.049657    138.40431   -14.350484    1.1348727 
   99900    93.047923    138.40173   -14.347906    1.1349664 
  100000     93.04619    138.39916   -14.345327    1.1350599 
